[[0.0, 0.00016145408153533936, 0.00016145408153533936], [0.0, 2.8692185878753662e-05, 2.8692185878753662e-05], [0.0, 9.800493717193604e-05, 9.800493717193604e-05], [0.0, -6.7427754402160645e-06, -6.7427754402160645e-06], [0.0, -3.4086406230926514e-05, -3.4086406230926514e-05], [0.0, -1.9744038581848145e-06, -1.9744038581848145e-06], [0.0, -6.213784217834473e-06, -6.213784217834473e-06], [0.0, -8.493661880493164e-06, -8.493661880493164e-06], [0.0, -2.399832010269165e-05, -2.399832010269165e-05], [0.0, -0.0010181825515230974, -0.0010181826073676348], [0.0, 7.91996717453003e-06, 7.91996717453003e-06], [0.0, 1.668184995651245e-05, 1.668184995651245e-05], [0.0, -3.802776336669922e-05, -3.802776336669922e-05], [0.0, -1.5430152416229248e-05, -1.5430152416229248e-05], [0.0, -1.4603137969970703e-06, -1.4603137969970703e-06], [0.0, -1.4662742614746094e-05, -1.4662742614746094e-05], [0.0, -0.0018053551510932575, -0.0018053551902994514], [0.0, -2.491474151611328e-05, -2.491474151611328e-05], [0.0, -2.4050474166870117e-05, -2.4050474166870117e-05], [0.0, -5.058944225311279e-06, -5.058944225311279e-06], [0.0, 5.872175097465515e-05, 5.872175097465515e-05], [0.0, 2.5056302547454834e-05, 2.5056302547454834e-05], [0.0, -2.2962689399719238e-05, -2.2962689399719238e-05], [0.0, -0.0005474383289342799, -0.000547438336070627], [0.0, 2.726912498474121e-05, 2.726912498474121e-05], [0.0, -0.0006971680890286575, -0.0006971681141294539]]
wcfid at base is-0.00014893927772601062
--------------------------------------
[[0.06809698045253754, 1.1715189218521118, 1.2396159172058105], [0.061224475502967834, 1.3052514642477036, 1.3664759397506714], [0.03987613692879677, 0.8603942915797234, 0.9002704620361328], [0.07632208615541458, 1.5650251060724258, 1.6413471698760986], [0.03439924865961075, 0.5911480560898781, 0.6255473494529724], [0.0919683650135994, 1.0925410315394402, 1.1845093965530396], [0.0904124304652214, 2.3184129297733307, 2.408825397491455], [0.042755983769893646, 0.7133584171533585, 0.7561143636703491], [0.018463201820850372, 0.2687329351902008, 0.2871961295604706], [0.06203505024313927, 1.1075962492224318, 1.1696313619613647], [0.057093940675258636, 0.9682023897767067, 1.0252963304519653], [0.02682242915034294, 0.5011532157659531, 0.5279756784439087], [0.04943113401532173, 0.9530232772231102, 1.002454400062561], [0.03795750066637993, 0.8900954127311707, 0.9280529022216797], [0.04827311635017395, 0.8733841776847839, 0.9216573238372803], [0.06432811915874481, 1.236055664718151, 1.3003836870193481], [0.07371469587087631, 0.6382234375365842, 0.7119380831718445], [0.07717818766832352, 1.0975107178092003, 1.1746889352798462], [0.08499638736248016, 1.794254183769226, 1.8792505264282227], [0.0553506501019001, 1.1670216172933578, 1.22237229347229], [0.058831557631492615, 0.7814489975571632, 0.8402805924415588], [0.03424033150076866, 0.4970954582095146, 0.5313357710838318], [0.05092505365610123, 0.8532105311751366, 0.9041355848312378], [0.07914313673973083, 0.7629842429792475, 0.8421273231506348], [0.09785096347332001, 2.907241679728031, 3.0050926208496094], [0.03412473201751709, 0.4680474141349247, 0.5021721124649048]]
wcfid at real data is 1.1114902943372726
--------------------------------------
values at epoch: 0
[[0.308321475982666, 5.06327199190855, 5.371593475341797], [0.3633270561695099, 5.40288382768631, 5.766211032867432], [0.22729656100273132, 3.2782181724905968, 3.5055148601531982], [0.3035067617893219, 4.191122677177191, 4.494629383087158], [0.19783446192741394, 2.7165202274918556, 2.9143548011779785], [0.3557147681713104, 4.172048285603523, 4.5277628898620605], [0.4322436451911926, 7.261094108223915, 7.693337917327881], [0.31273263692855835, 3.516955267637968, 3.82968807220459], [0.12832403182983398, 1.1160655077546835, 1.244389533996582], [0.30614417791366577, 4.175723474472761, 4.481867790222168], [0.30874666571617126, 3.9093208871781826, 4.218067646026611], [0.20436857640743256, 1.751894498243928, 1.9562630653381348], [0.32749345898628235, 4.349589206278324, 4.6770830154418945], [0.2675662934780121, 3.3889307491481304, 3.656497001647949], [0.256899356842041, 4.254993099719286, 4.511892318725586], [0.3446660041809082, 4.819629762321711, 5.164295673370361], [0.3850625455379486, 5.889577120542526, 6.27463960647583], [0.30832523107528687, 3.9729040525853634, 4.281229019165039], [0.3390701115131378, 5.956805024296045, 6.295875549316406], [0.26978668570518494, 2.7724819220602512, 3.0422685146331787], [0.24094946682453156, 3.4583528712391853, 3.6993021965026855], [0.21658331155776978, 2.536518517881632, 2.7531018257141113], [0.28424695134162903, 3.627996012568474, 3.912242889404297], [0.29169055819511414, 4.136951245367527, 4.4286417961120605], [0.4132000803947449, 6.354326695203781, 6.767526626586914], [0.29187989234924316, 3.909636590629816, 4.201516151428223]]
wcfid of epoch 0 is 4.371915102005005
--------------------------------------
values at epoch: 1
[[0.06040629372000694, 0.8929034247994423, 0.9533097147941589], [0.0647861510515213, 1.241620272397995, 1.3064064979553223], [0.03364825248718262, 0.6383256785799399, 0.6719739437103271], [0.10222512483596802, 1.1872218623757362, 1.2894470691680908], [0.03245563060045242, 0.5697326175868511, 0.602188229560852], [0.08163263648748398, 1.0025680512189865, 1.0842006206512451], [0.11173435300588608, 1.924157477915287, 2.0358917713165283], [0.03483077138662338, 0.5715676248073578, 0.6063984036445618], [0.018747825175523758, 0.2386547513555925, 0.25740256905555725], [0.06616915017366409, 1.785039630539504, 1.8512088060379028], [0.05763503536581993, 0.8029121458530426, 0.8605471253395081], [0.03135797753930092, 0.4137074537575245, 0.445065438747406], [0.05121085047721863, 0.7524229884147644, 0.8036338090896606], [0.04389484226703644, 0.7027586102485657, 0.7466534376144409], [0.08146680146455765, 1.0016626045107841, 1.0831294059753418], [0.0609065406024456, 1.197705626487732, 1.2586121559143066], [0.0636381059885025, 1.709128616066165, 1.7727667093276978], [0.06380714476108551, 0.9388771280646324, 1.002684235572815], [0.07413242012262344, 1.313675470650196, 1.3878079652786255], [0.043660108000040054, 0.587852593511343, 0.6315127015113831], [0.041129592806100845, 0.6972791031002998, 0.7384086847305298], [0.03107297606766224, 0.4090957045555115, 0.44016867876052856], [0.038783587515354156, 0.6787516102194786, 0.7175351977348328], [0.07938949018716812, 1.0874533250078444, 1.1668428182601929], [0.11674334108829498, 1.6399425715208054, 1.7566858530044556], [0.041152626276016235, 1.2752699170712385, 1.316422462463379]]
wcfid of epoch 1 is 1.0302655502007558
--------------------------------------
values at epoch: 2
[[0.0525781586766243, 0.7493453398346901, 0.8019235134124756], [0.07777974009513855, 1.220889039337635, 1.2986688613891602], [0.0367128923535347, 0.6276134103536606, 0.6643263101577759], [0.06801113486289978, 1.1379624232649803, 1.2059736251831055], [0.029629722237586975, 0.4980155974626541, 0.5276452898979187], [0.07726766914129257, 0.9305236339569092, 1.00779128074646], [0.1497168391942978, 1.7370820865035057, 1.8867989778518677], [0.03870498761534691, 0.6095345616340637, 0.6482395529747009], [0.029901675879955292, 0.29900417663156986, 0.32890585064888], [0.06438945978879929, 1.7456031923840385, 1.8099926710128784], [0.04549785330891609, 0.8708928003907204, 0.9163906574249268], [0.0201141145080328, 0.3489452749490738, 0.36905938386917114], [0.05496140941977501, 0.8298540860414505, 0.8848154544830322], [0.039893683046102524, 0.7275158613920212, 0.7674095630645752], [0.0663742944598198, 0.8724393174052238, 0.9388136267662048], [0.06418174505233765, 1.274523802101612, 1.3387055397033691], [0.0668766051530838, 1.773697949779519, 1.8405746221542358], [0.057775311172008514, 0.8436179161071777, 0.9013932347297668], [0.07532332837581635, 1.2675099149346352, 1.3428332805633545], [0.051715314388275146, 0.6804809235036373, 0.7321962118148804], [0.047386735677719116, 0.7183483988046646, 0.7657351493835449], [0.02969466522336006, 0.44293444603681564, 0.4726291298866272], [0.037664029747247696, 0.6427004486322403, 0.6803644895553589], [0.07915738970041275, 1.016994099712371, 1.0961514711380005], [0.13138040900230408, 2.1595925092697144, 2.290972948074341], [0.05160321295261383, 1.2291732663125396, 1.2807765007019043]]
wcfid of epoch 2 is 1.030734122945712
--------------------------------------
values at epoch: 3
[[0.04810953140258789, 0.8401055857539177, 0.8882151246070862], [0.07036658376455307, 1.2851176634430885, 1.3554842472076416], [0.037599049508571625, 0.668316088616848, 0.705915093421936], [0.08816966414451599, 1.2722614407539368, 1.3604310750961304], [0.029820825904607773, 0.5614076852798462, 0.5912284851074219], [0.05417410656809807, 1.0042317137122154, 1.0584057569503784], [0.12868016958236694, 2.0666327849030495, 2.195312976837158], [0.03907917067408562, 0.652434453368187, 0.6915136575698853], [0.028561722487211227, 0.28292964212596416, 0.31149134039878845], [0.07702302932739258, 1.7487918579723183, 1.8258148431777954], [0.051024600863456726, 0.8427724838256836, 0.8937970995903015], [0.02676158770918846, 0.39983126521110535, 0.4265928566455841], [0.0556737445294857, 0.8693625181913376, 0.9250362515449524], [0.03943394124507904, 0.8759263157844543, 0.9153602719306946], [0.04464903846383095, 0.8128337934613228, 0.8574828505516052], [0.049845051020383835, 1.0886251032352448, 1.13847017288208], [0.06615392863750458, 1.7188658008851916, 1.7850196361541748], [0.056064754724502563, 0.858084611594677, 0.9141494035720825], [0.08983360975980759, 1.53573489934206, 1.6255685091018677], [0.04364233464002609, 0.6785837300121784, 0.722226083278656], [0.051967959851026535, 0.7741415128111839, 0.8261094689369202], [0.030326837673783302, 0.44419441372156143, 0.4745212495326996], [0.05336780101060867, 0.7483763322234154, 0.8017441034317017], [0.06459794193506241, 1.091463863846444, 1.1560617685317993], [0.07977234572172165, 1.6782756596803665, 1.7580480575561523], [0.05601422116160393, 1.3934951723217524, 1.4495093822479248]]
wcfid of epoch 3 is 1.0635965294562852
--------------------------------------
values at epoch: 4
[[0.040691763162612915, 0.7514554113149643, 0.792147159576416], [0.06352294981479645, 1.2856364101171494, 1.3491593599319458], [0.04018485173583031, 0.7250659242272377, 0.7652508020401001], [0.06889095902442932, 1.0376188978552818, 1.106509804725647], [0.0376458615064621, 0.7132859006524086, 0.7509317994117737], [0.06809227913618088, 0.8248632401227951, 0.8929555416107178], [0.09013471752405167, 1.627050369977951, 1.717185139656067], [0.045112431049346924, 0.5339630022644997, 0.5790754556655884], [0.023075081408023834, 0.2593891825526953, 0.28246426582336426], [0.050676461309194565, 1.5117555722826972, 1.562432050704956], [0.05416140705347061, 0.8011247739195824, 0.855286180973053], [0.03068564645946026, 0.4219737760722637, 0.45265939831733704], [0.03899407386779785, 0.7131921350955963, 0.7521861791610718], [0.034230560064315796, 0.704116478562355, 0.738347053527832], [0.05293190851807594, 0.7773105651140213, 0.8302424550056458], [0.0844421461224556, 1.1659933179616928, 1.250435471534729], [0.06024709716439247, 1.6653344307120452, 1.7255815267562866], [0.06097950413823128, 0.8201543167233467, 0.8811337947845459], [0.07011302560567856, 1.3032538443803787, 1.3733669519424438], [0.038001898676157, 0.644408393651247, 0.6824102997779846], [0.04184209927916527, 0.6527342721819878, 0.6945763826370239], [0.03638288006186485, 0.37204810231924057, 0.4084309935569763], [0.03818993642926216, 0.6887949481606483, 0.7269849181175232], [0.07541223615407944, 1.1030949327869903, 1.1785072088241577], [0.08710937201976776, 1.3641554936766624, 1.4512648582458496], [0.043020449578762054, 1.444182298663881, 1.487202763557434]]
wcfid of epoch 4 is 0.9725664544564027
--------------------------------------
values at epoch: 5
[[0.05513942241668701, 0.890662357211113, 0.9458017945289612], [0.06087188422679901, 1.1612332686781883, 1.2221051454544067], [0.04223410785198212, 0.6031357496976852, 0.6453698873519897], [0.07689598947763443, 1.3088542968034744, 1.3857502937316895], [0.026973048225045204, 0.5068922564387321, 0.5338653326034546], [0.10253649204969406, 1.0564294755458832, 1.1589659452438354], [0.12149766087532043, 1.671059712767601, 1.7925573587417603], [0.030115777626633644, 0.5700710713863373, 0.6001868844032288], [0.027094388380646706, 0.286157576367259, 0.31325197219848633], [0.06545619666576385, 1.7209176082947308, 1.7863737344741821], [0.04977845773100853, 0.7777428850531578, 0.8275213241577148], [0.02700239047408104, 0.4445299841463566, 0.4715323746204376], [0.05675135925412178, 0.7681878730654716, 0.8249392509460449], [0.038945820182561874, 0.7198265045881271, 0.7587723135948181], [0.056851841509342194, 0.8875353112816811, 0.9443871974945068], [0.06658071279525757, 1.0821643322706223, 1.148745059967041], [0.06815595179796219, 1.6800348898785362, 1.7481908798217773], [0.07175615429878235, 0.8966928124427795, 0.9684489965438843], [0.06130047142505646, 1.1723654493689537, 1.233665943145752], [0.04499774053692818, 0.7122861817479134, 0.7572839260101318], [0.04638069123029709, 0.672090545296669, 0.7184712290763855], [0.029853174462914467, 0.4156876727938652, 0.4455408453941345], [0.03928529471158981, 0.7056097239255905, 0.7448950409889221], [0.0676674172282219, 1.0833037650673962, 1.1509711742401123], [0.09854957461357117, 1.7543699890375137, 1.852919578552246], [0.039114903658628464, 1.26242831956609, 1.3015432357788086]]
wcfid of epoch 5 is 1.0108483353486428
--------------------------------------
values at epoch: 6
[[0.04881526902318001, 0.7964915633201599, 0.8453068137168884], [0.05910046026110649, 1.1038165017962456, 1.1629170179367065], [0.04647941142320633, 0.5947790294885635, 0.6412584185600281], [0.07063523679971695, 1.089128002524376, 1.159763216972351], [0.032813891768455505, 0.6238250302367162, 0.6566389203071594], [0.0852307453751564, 0.9284399747848511, 1.0136706829071045], [0.09983459115028381, 1.8470477759838104, 1.9468823671340942], [0.04061003029346466, 0.6309846788644791, 0.6715946793556213], [0.025158841162919998, 0.28340236470103264, 0.30856120586395264], [0.06241179257631302, 1.6601853213949307, 1.7225971221923828], [0.08223430067300797, 0.8345816135406494, 0.9168159365653992], [0.03150726482272148, 0.41189267858862877, 0.44339993596076965], [0.04122519493103027, 0.7627619355916977, 0.8039871454238892], [0.03787139803171158, 0.7305153459310532, 0.7683867812156677], [0.04287745803594589, 0.7927354723215103, 0.8356128931045532], [0.06450440734624863, 1.1874629333615303, 1.2519673109054565], [0.0639357939362526, 1.8297795920971345, 1.8937153816223145], [0.06542200595140457, 0.9690659269690514, 1.0344879627227783], [0.07092495262622833, 1.5957561507821083, 1.666681170463562], [0.05209358036518097, 0.7661228477954865, 0.8182163834571838], [0.05822194740176201, 0.6942273676395416, 0.7524492740631104], [0.03972816467285156, 0.4576539918780327, 0.49738216400146484], [0.045959487557411194, 0.7604154944419861, 0.8063749670982361], [0.0551338717341423, 1.0711415363634291, 1.1262753009796143], [0.10090074688196182, 1.6112736016511917, 1.712174415588379], [0.044989775866270065, 1.2866168605450394, 1.3316066265106201]]
wcfid of epoch 6 is 1.0303355421011264
--------------------------------------
values at epoch: 7
[[0.06648578494787216, 0.9420536607503891, 1.0085394382476807], [0.05974632501602173, 1.0599451288580894, 1.1196913719177246], [0.03982800990343094, 0.6061916351318359, 0.6460196375846863], [0.12933513522148132, 1.4252242781221867, 1.5545594692230225], [0.03384032100439072, 0.5046710669994354, 0.5385113954544067], [0.11370829492807388, 1.1246521100401878, 1.2383604049682617], [0.1632605642080307, 1.9519621655344963, 2.115222692489624], [0.061455272138118744, 0.6117078587412834, 0.673163115978241], [0.01939721219241619, 0.2456306499741615, 0.26502785086631775], [0.08788087964057922, 1.7122287900201913, 1.800109624862671], [0.0847720354795456, 0.9284968599677086, 1.0132688283920288], [0.039691146463155746, 0.39875656738877296, 0.4384477138519287], [0.06909561157226562, 0.7543672323226929, 0.8234628438949585], [0.03910810127854347, 0.6521608829498291, 0.6912689805030823], [0.06527860462665558, 0.9003797695040703, 0.9656583666801453], [0.11752589046955109, 1.3875063508749008, 1.5050323009490967], [0.12078165262937546, 1.7715710132166467, 1.8923527002334595], [0.060911472886800766, 0.8431024216115475, 0.9040138721466064], [0.07348815351724625, 1.351462945342064, 1.4249510765075684], [0.04775872826576233, 0.6486320681869984, 0.6963907480239868], [0.0495203472673893, 0.6608877331018448, 0.710408091545105], [0.0347658134996891, 0.39138391613960266, 0.42614972591400146], [0.05521827191114426, 0.7520567327737808, 0.8072749972343445], [0.08277912437915802, 1.0148539348597474, 1.0976331233978271], [0.14519576728343964, 1.8476517572999, 1.9928474426269531], [0.049552448093891144, 1.1405184706655846, 1.1900708675384521]]
wcfid of epoch 7 is 1.0591706415781608
--------------------------------------
values at epoch: 8
[[0.09107314795255661, 0.9241406843066216, 1.0152138471603394], [0.12389244139194489, 1.331061378121376, 1.4549537897109985], [0.04491940140724182, 0.639427088201046, 0.6843464374542236], [0.15663400292396545, 1.4935681484639645, 1.6502021551132202], [0.039739593863487244, 0.5468061193823814, 0.5865457057952881], [0.16264811158180237, 1.3255180269479752, 1.488166093826294], [0.17654135823249817, 1.979596197605133, 2.156137466430664], [0.0648621916770935, 0.6481307819485664, 0.7129929661750793], [0.02638932876288891, 0.25238427415962483, 0.27877360582351685], [0.11564759910106659, 1.6633617615946243, 1.7790093421936035], [0.08845527470111847, 0.9064367711544037, 0.9948920607566833], [0.05297573655843735, 0.3823608420789242, 0.4353365898132324], [0.10215629637241364, 0.9759655296802521, 1.0781217813491821], [0.05518915876746178, 0.6035607866942883, 0.6587499380111694], [0.08520284295082092, 0.9417094960808754, 1.0269123315811157], [0.14275087416172028, 1.6725636422634125, 1.815314531326294], [0.12883679568767548, 1.7115922965864208, 1.8404290676116943], [0.09794744104146957, 0.8740471228957176, 0.9719945192337036], [0.11444023251533508, 1.523031197488308, 1.6374714374542236], [0.0896562859416008, 0.8032418936491013, 0.8928982019424438], [0.05703384801745415, 0.6497258841991425, 0.7067597508430481], [0.045570701360702515, 0.40885889530181885, 0.45442959666252136], [0.08856413513422012, 0.7600408494472504, 0.8486050367355347], [0.07932961732149124, 0.9869767023864826, 1.0663063526153564], [0.20481136441230774, 2.731809288263321, 2.9366207122802734], [0.07615867257118225, 1.201369935387067, 1.2775285243988037]]
wcfid of epoch 8 is 1.1711043016268656
--------------------------------------
values at epoch: 9
[[0.05927560105919838, 0.7165515944361687, 0.7758272290229797], [0.1212666854262352, 1.3313900157809258, 1.4526567459106445], [0.04807063937187195, 0.5938855558633804, 0.6419562101364136], [0.12874577939510345, 1.2492951527237892, 1.3780409097671509], [0.03744100034236908, 0.5237962864339352, 0.5612372756004333], [0.11277887970209122, 0.9904345236718655, 1.1032134294509888], [0.17142869532108307, 1.9608582258224487, 2.13228702545166], [0.06523522734642029, 0.5873567461967468, 0.6525919437408447], [0.027531452476978302, 0.27890427224338055, 0.3064357042312622], [0.09855271875858307, 1.6593307469572547, 1.7578834295272827], [0.08368892967700958, 0.9246974736452103, 1.0083863735198975], [0.04221145808696747, 0.3942939564585686, 0.43650543689727783], [0.08438454568386078, 0.8199059814214706, 0.9042905569076538], [0.059768933802843094, 0.6863301619887352, 0.746099054813385], [0.07184068858623505, 0.9491554982960224, 1.0209962129592896], [0.13032351434230804, 1.3584913834929466, 1.4888149499893188], [0.11859795451164246, 1.6487166317687243, 1.7673146724700928], [0.100719153881073, 0.9806572869420052, 1.0813764333724976], [0.0880865752696991, 1.3162021338939667, 1.4042887687683105], [0.069515161216259, 0.7516616024076939, 0.8211767673492432], [0.05623346194624901, 0.747249148786068, 0.8034825921058655], [0.04000963270664215, 0.44188252463936806, 0.4818921685218811], [0.05648200213909149, 0.7765398696064949, 0.833021879196167], [0.08399126678705215, 1.0645284170370712, 1.14851975440979], [0.16350200772285461, 1.9984247982501984, 2.161926746368408], [0.08234667032957077, 1.1644087053057615, 1.2467553615570068]]
wcfid of epoch 9 is 1.081422216617144
--------------------------------------
values at epoch: 10
[[0.08155496418476105, 1.0759773179888725, 1.1575323343276978], [0.0814942792057991, 1.3065341264009476, 1.3880285024642944], [0.05693213641643524, 0.7263366132974625, 0.7832687497138977], [0.08655161410570145, 1.1433568000793457, 1.2299084663391113], [0.03218452259898186, 0.612093523144722, 0.6442780494689941], [0.10008637607097626, 0.9193700402975082, 1.019456386566162], [0.14332124590873718, 1.8363771364092827, 1.9796984195709229], [0.06781074404716492, 0.5923546776175499, 0.6601654291152954], [0.019858570769429207, 0.27616907842457294, 0.29602766036987305], [0.08100913465023041, 1.7015880741369394, 1.7825971841812134], [0.08338398486375809, 0.8785326816141605, 0.9619166851043701], [0.03362053632736206, 0.4026475138962269, 0.43626806139945984], [0.07246214151382446, 0.869830995798111, 0.942293107509613], [0.04830710589885712, 0.6558106765151024, 0.7041177749633789], [0.07566340267658234, 0.8311113119125366, 0.9067746996879578], [0.09478164464235306, 1.3698762953281403, 1.4646579027175903], [0.10284712165594101, 1.5919746514779178, 1.6948217153549194], [0.09059281647205353, 0.9707712605595589, 1.0613640546798706], [0.09894636273384094, 1.6751467362046242, 1.7740930318832397], [0.03782873973250389, 0.6860879026353359, 0.7239166498184204], [0.044505514204502106, 0.6365396827459335, 0.6810452342033386], [0.03324508294463158, 0.40472734373623376, 0.43797242641448975], [0.06689222902059555, 0.7135699093341827, 0.7804620862007141], [0.08260562270879745, 1.0764570684915795, 1.1590626239776611], [0.15048599243164062, 2.0082836225628853, 2.1587696075439453], [0.05676376447081566, 1.22590490921372, 1.2826687097549438]]
wcfid of epoch 10 is 1.0811986751281297
--------------------------------------
values at epoch: 11
[[0.06775609403848648, 0.8745138421654701, 0.9422699809074402], [0.07833198457956314, 1.1420597285032272, 1.2203916311264038], [0.04768051579594612, 0.6728324070572853, 0.7205129265785217], [0.09471437335014343, 1.1604313179850578, 1.2551456689834595], [0.037393685430288315, 0.4645516276359558, 0.5019453167915344], [0.11089062690734863, 1.0464018508791924, 1.1572924852371216], [0.1341642290353775, 2.094003364443779, 2.228167772293091], [0.06672579795122147, 0.5852151215076447, 0.6519408822059631], [0.023847557604312897, 0.24693136289715767, 0.27077892422676086], [0.07704799622297287, 1.615344283559095, 1.6923922300338745], [0.08313304930925369, 0.9062040075659752, 0.9893370270729065], [0.03175100311636925, 0.36954357475042343, 0.4012945890426636], [0.0676785483956337, 0.684380479156971, 0.7520590424537659], [0.054433319717645645, 0.6131437048316002, 0.6675770282745361], [0.05872229486703873, 0.8142259493470192, 0.8729482889175415], [0.11246926337480545, 1.2999721467494965, 1.4124414920806885], [0.1041242852807045, 1.5858569385564727, 1.68998122215271], [0.07687083631753922, 0.8250728696584702, 0.9019437432289124], [0.08812902122735977, 1.320713184773922, 1.4088422060012817], [0.04074449837207794, 0.7045603469014168, 0.7453048229217529], [0.0416906476020813, 0.6485229656100273, 0.6902136206626892], [0.043638911098241806, 0.43575842678546906, 0.47939732670783997], [0.05554310232400894, 0.6830620989203453, 0.7386052012443542], [0.08023843914270401, 1.038329944655605, 1.1185684204101562], [0.16158200800418854, 2.349700339138508, 2.511282444000244], [0.041422635316848755, 1.067364247864016, 1.1087868213653564]]
wcfid of epoch 11 is 1.0434392736508296
--------------------------------------
values at epoch: 12
[[0.0574452243745327, 0.8041921108961105, 0.8616373538970947], [0.10088714957237244, 1.378894068300724, 1.4797812700271606], [0.03602444753050804, 0.6931940093636513, 0.7292184829711914], [0.09450779855251312, 1.1569085195660591, 1.2514163255691528], [0.03145613893866539, 0.49880117923021317, 0.5302572846412659], [0.10615402460098267, 0.9761248901486397, 1.0822789669036865], [0.14038829505443573, 2.3596902638673782, 2.5000784397125244], [0.036761149764060974, 0.545793890953064, 0.5825550556182861], [0.020580122247338295, 0.27034225687384605, 0.2909223735332489], [0.075391985476017, 1.6292324126579776, 1.7046244144439697], [0.07898086309432983, 0.8915977105498314, 0.9705785512924194], [0.03468156233429909, 0.40098633244633675, 0.43566790223121643], [0.07682989537715912, 0.85679692029953, 0.9336268305778503], [0.04336387291550636, 0.7083647400140762, 0.7517285943031311], [0.07362669706344604, 0.8925071358680725, 0.9661338329315186], [0.09747564047574997, 1.1992546766996384, 1.2967302799224854], [0.0762006863951683, 1.6488569604442223, 1.7250577211380005], [0.09646479785442352, 0.9560747183859348, 1.0525394678115845], [0.11205316334962845, 1.7636086642742157, 1.875661849975586], [0.04149438813328743, 0.6384328491985798, 0.6799272298812866], [0.04631897807121277, 0.5920729786157608, 0.6383919715881348], [0.028931988403201103, 0.40940043330192566, 0.4383324086666107], [0.05232324078679085, 0.7612800225615501, 0.8136032223701477], [0.06953122466802597, 0.9909200444289183, 1.0604512691497803], [0.14872285723686218, 2.10073771327734, 2.2494606971740723], [0.05651374161243439, 1.0782542724908954, 1.134768009185791]]
wcfid of epoch 12 is 1.0782857617506614
--------------------------------------
values at epoch: 13
[[0.043363604694604874, 0.7861271724104881, 0.8294907808303833], [0.0664750188589096, 1.2907750308513641, 1.3572500944137573], [0.04246686026453972, 0.5986651033163071, 0.6411319971084595], [0.08082080632448196, 1.164954535663128, 1.2457753419876099], [0.032075509428977966, 0.6550368434537863, 0.6871123909950256], [0.1016971617937088, 0.9639790132641792, 1.065676212310791], [0.14788131415843964, 1.7009245455265045, 1.8488057851791382], [0.05848715454339981, 0.5962690338492393, 0.6547561883926392], [0.017227718606591225, 0.25320387721981696, 0.2704315781593323], [0.05802138149738312, 1.586689970274151, 1.6447113752365112], [0.06779312342405319, 0.8067287355661392, 0.8745218515396118], [0.038434773683547974, 0.39092398062348366, 0.42935875058174133], [0.07652577012777328, 0.8147716000676155, 0.8912973403930664], [0.0621006079018116, 0.7873795703053474, 0.849480152130127], [0.06063999980688095, 0.7861555814743042, 0.8467955589294434], [0.10327933728694916, 1.255278319120407, 1.3585577011108398], [0.07796155661344528, 1.748468984638659, 1.8264305591583252], [0.0655195489525795, 0.8874195367097855, 0.9529390931129456], [0.06596045941114426, 1.323928214609623, 1.3898886442184448], [0.048159386962652206, 0.7797853201627731, 0.8279446959495544], [0.04992114380002022, 0.6253106668591499, 0.6752318143844604], [0.03655159845948219, 0.4472515657544136, 0.4838031530380249], [0.02755824476480484, 0.5934409648180008, 0.6209992170333862], [0.08431460708379745, 1.055418366616395, 1.1397329568862915], [0.15670399367809296, 2.4350913614034653, 2.5917952060699463], [0.05068271607160568, 1.1627911151430481, 1.2134737968444824]]
wcfid of epoch 13 is 1.0468227783074746
--------------------------------------
values at epoch: 14
[[0.060023315250873566, 0.903325691819191, 0.9633489847183228], [0.0781051367521286, 1.2080516293644905, 1.2861567735671997], [0.03693309426307678, 0.5250605046749115, 0.5619935989379883], [0.08176213502883911, 1.1802443116903305, 1.2620065212249756], [0.036946531385183334, 0.5718393102288246, 0.60878586769104], [0.1118239089846611, 0.952419824898243, 1.0642436742782593], [0.14618578553199768, 1.8719985038042068, 2.0181844234466553], [0.04591721296310425, 0.5158549472689629, 0.5617721676826477], [0.02212955802679062, 0.27701955661177635, 0.29914912581443787], [0.07055845856666565, 1.6023208431392266, 1.6728792190551758], [0.06635843217372894, 0.8534847646951675, 0.9198431968688965], [0.030794966965913773, 0.3879210911691189, 0.41871607303619385], [0.08374525606632233, 0.8570592328906059, 0.9408044815063477], [0.0413430780172348, 0.6256164163351059, 0.6669595241546631], [0.06262136250734329, 0.8235381299682494, 0.8861594796180725], [0.09013582020998001, 1.4892606064677238, 1.579396367073059], [0.08816205710172653, 1.5257011099157443, 1.613863229751587], [0.06551418453454971, 0.9190184399485588, 0.9845326542854309], [0.09785488247871399, 1.4894690215587616, 1.5873239040374756], [0.058350153267383575, 0.7830411158502102, 0.8413912653923035], [0.04245235025882721, 0.6509560197591782, 0.6934083700180054], [0.03802381083369255, 0.37686946243047714, 0.4148932695388794], [0.041072044521570206, 0.6290887147188187, 0.6701607704162598], [0.08286119997501373, 1.0495537974983469, 1.1324149370193481], [0.12491417676210403, 1.8174474015831947, 1.94236159324646], [0.05757640674710274, 1.1643016532817705, 1.2218780517578125]]
wcfid of epoch 14 is 1.0312549047745192
--------------------------------------
values at epoch: 15
[[0.051628489047288895, 0.8631282448768616, 0.914756715297699], [0.07237407565116882, 1.2821357399225235, 1.3545098304748535], [0.05194024741649628, 0.7280084192752838, 0.7799486517906189], [0.08886698633432388, 1.1415335834026337, 1.230400562286377], [0.026389161124825478, 0.5673277005553246, 0.5937168598175049], [0.11716025322675705, 0.9805271700024605, 1.0976873636245728], [0.11819814145565033, 1.622118391096592, 1.7403165102005005], [0.05362509936094284, 0.6014232933521271, 0.6550483703613281], [0.031529735773801804, 0.3532712962478399, 0.3848010301589966], [0.07979555428028107, 1.5978639751309054, 1.6776596307754517], [0.06804808229207993, 0.8766708597540855, 0.9447188973426819], [0.03023703582584858, 0.4320491775870323, 0.46228623390197754], [0.06872768700122833, 0.7778820544481277, 0.8466097116470337], [0.051143448799848557, 0.7127622440457344, 0.7639057040214539], [0.05984752997756004, 0.7986727356910706, 0.8585202693939209], [0.09165958315134048, 1.2134322375059128, 1.3050917387008667], [0.08159761130809784, 1.6516651193275131, 1.7332626581192017], [0.07303754985332489, 0.9174223281443119, 0.9904599189758301], [0.107677161693573, 1.5765628516674042, 1.6842401027679443], [0.06832094490528107, 0.9328771531581879, 1.001198172569275], [0.04136040806770325, 0.571335069835186, 0.6126954555511475], [0.03165983036160469, 0.4055529311299324, 0.4372127652168274], [0.03657029569149017, 0.7057745605707169, 0.742344856262207], [0.06161632016301155, 1.065256338127643, 1.1268726587295532], [0.08957558125257492, 1.2985206171870232, 1.3880960941314697], [0.03758396953344345, 1.107025745041844, 1.1446096897125244]]
wcfid of epoch 15 is 1.0181142481473775
--------------------------------------
values at epoch: 16
[[0.042870160192251205, 0.8136848136782646, 0.8565549850463867], [0.08924500644207001, 1.3528656288981438, 1.442110538482666], [0.0442071259021759, 0.6643242314457893, 0.708531379699707], [0.07933549582958221, 1.1149978786706924, 1.1943333148956299], [0.036786749958992004, 0.5017420202493668, 0.5385287404060364], [0.12296774238348007, 1.0385198891162872, 1.1614875793457031], [0.1590145230293274, 1.9310034811496735, 2.0900180339813232], [0.04113928601145744, 0.5688077658414841, 0.6099470853805542], [0.022733094170689583, 0.32924641855061054, 0.351979523897171], [0.07075788080692291, 1.497652067696703, 1.5684099197387695], [0.07505510002374649, 0.7836824581027031, 0.858737587928772], [0.023990103974938393, 0.40860404446721077, 0.4325941503047943], [0.059498026967048645, 0.7507472857832909, 0.8102452754974365], [0.04397960752248764, 0.7084300667047501, 0.7524096369743347], [0.05913449451327324, 0.8293219059705734, 0.888456404209137], [0.10572655498981476, 1.3041338995099068, 1.4098604917526245], [0.07802817225456238, 1.6358249840877586, 1.7138532400131226], [0.07182695716619492, 0.8294034115970135, 0.9012303352355957], [0.09022453427314758, 1.502951256930828, 1.5931757688522339], [0.04953857511281967, 0.733966413885355, 0.7835049629211426], [0.04470037296414375, 0.6164247095584869, 0.6611250638961792], [0.036560021340847015, 0.4085330665111542, 0.4450930953025818], [0.03883744776248932, 0.6409184485673904, 0.6797558665275574], [0.08517041057348251, 1.0358644221690116, 1.121034860610962], [0.13191314041614532, 1.7675750479102135, 1.8994882106781006], [0.049163252115249634, 1.0418801449917776, 1.0910433530807495]]
wcfid of epoch 16 is 1.0216734386407411
--------------------------------------
values at epoch: 17
[[0.05084039270877838, 0.9367605298757553, 0.9876009225845337], [0.10006877779960632, 1.3420849218964577, 1.4421536922454834], [0.039326608180999756, 0.5879436135292053, 0.6272702217102051], [0.07681086659431458, 1.0863338336348534, 1.1631447076797485], [0.03328913822770119, 0.4995962902903557, 0.5328854322433472], [0.1083797961473465, 0.9192577712237835, 1.0276376008987427], [0.13286368548870087, 1.697721280157566, 1.8305848836898804], [0.049594029784202576, 0.558618888258934, 0.608212947845459], [0.017038756981492043, 0.30600456334650517, 0.3230433166027069], [0.09532105177640915, 1.6581140766028124, 1.7534351348876953], [0.07495807856321335, 0.851209469139576, 0.9261675477027893], [0.031416211277246475, 0.4249374307692051, 0.45635363459587097], [0.07602975517511368, 0.7715399712324142, 0.8475697636604309], [0.054031286388635635, 0.7074572965502739, 0.7614886164665222], [0.05904822424054146, 0.8804206550121307, 0.9394689202308655], [0.0896262377500534, 1.3372828960418701, 1.42690908908844], [0.07669169455766678, 1.5672791807097763, 1.6439709663391113], [0.06544747948646545, 0.7663748189806938, 0.8318222761154175], [0.08281536400318146, 1.269806683063507, 1.3526220321655273], [0.039032772183418274, 0.6742845326662064, 0.7133172750473022], [0.04621274024248123, 0.6428847387433052, 0.6890974640846252], [0.03964231535792351, 0.40949152782559395, 0.44913384318351746], [0.055595844984054565, 0.7442477345466614, 0.7998435497283936], [0.08504697680473328, 1.0181427102144582, 1.1031897068023682], [0.13449378311634064, 2.0701357945799828, 2.20462965965271], [0.060274638235569, 1.1387496200569012, 1.1990242004394531]]
wcfid of epoch 17 is 1.0246375925265825
--------------------------------------
values at epoch: 18
[[0.06721238046884537, 0.9737305715680122, 1.040942907333374], [0.0721365362405777, 1.1393406689167023, 1.2114771604537964], [0.03751326724886894, 0.49749839741513213, 0.5350116491317749], [0.09024574607610703, 1.1829910352826118, 1.2732367515563965], [0.03391968086361885, 0.580525130033493, 0.6144448518753052], [0.10947131365537643, 0.9487915188074112, 1.058262825012207], [0.12463678419589996, 1.660279631614685, 1.7849164009094238], [0.03570310398936272, 0.5663581639528275, 0.6020612716674805], [0.014504100196063519, 0.2642681673169136, 0.2787722647190094], [0.07706484198570251, 1.5621325227245255, 1.6391973495483398], [0.07621027529239655, 0.8936953619122505, 0.9699056148529053], [0.026989290490746498, 0.44811997935175896, 0.4751092493534088], [0.06618689745664597, 0.7717822939157486, 0.837969183921814], [0.051869139075279236, 0.6534892246127129, 0.7053583860397339], [0.06027066707611084, 0.8186734914779663, 0.8789441585540771], [0.0885869711637497, 1.2521046623587608, 1.3406915664672852], [0.07076794654130936, 1.6285052854880928, 1.6992732286453247], [0.05079101398587227, 0.7504196539521217, 0.8012107014656067], [0.08194778859615326, 1.3578639775514603, 1.4398118257522583], [0.041856180876493454, 0.596046969294548, 0.6379031538963318], [0.03956480324268341, 0.5670123845338821, 0.6065771579742432], [0.040714096277952194, 0.3910936415195465, 0.4318077266216278], [0.050915081053972244, 0.6587494313716888, 0.709664523601532], [0.08918678760528564, 1.1824251976608169, 1.2716119289398193], [0.11007194221019745, 1.5110601708292961, 1.6211320161819458], [0.05228868126869202, 1.0461099457198884, 1.0983985662460327]]
wcfid of epoch 18 is 0.9832189392585021
--------------------------------------
values at epoch: 19
[[0.0643434077501297, 0.9029466286301613, 0.9672900438308716], [0.09473224729299545, 1.2873546853661537, 1.382086992263794], [0.038770642131567, 0.5712535232305527, 0.6100241541862488], [0.07913225889205933, 1.052171729505062, 1.1313040256500244], [0.03591721132397652, 0.6105079874396324, 0.646425187587738], [0.10359320044517517, 0.9347702339291573, 1.0383634567260742], [0.15261636674404144, 1.9044088050723076, 2.057025194168091], [0.04068814218044281, 0.5231402590870857, 0.5638284087181091], [0.01898854225873947, 0.28192463889718056, 0.3009131848812103], [0.05782276764512062, 1.4742047723315168, 1.5320276021957397], [0.07797148078680038, 0.9391914159059525, 1.0171629190444946], [0.02249234914779663, 0.39879369735717773, 0.42128604650497437], [0.0697363093495369, 0.7948640957474709, 0.864600419998169], [0.05678648129105568, 0.7936306968331337, 0.8504171967506409], [0.06181027367711067, 0.8549546673893929, 0.9167649149894714], [0.09789737313985825, 1.2262485846877098, 1.324146032333374], [0.08401568233966827, 1.6876757081135714, 1.7716914415359497], [0.05968372896313667, 0.8706858828663826, 0.9303696155548096], [0.08155392110347748, 1.1540101170539856, 1.2355639934539795], [0.042488276958465576, 0.7595692127943039, 0.8020575046539307], [0.0481514036655426, 0.6529172882437706, 0.701068639755249], [0.042061030864715576, 0.4440292753279209, 0.4860903024673462], [0.041130222380161285, 0.6649618819355965, 0.706092119216919], [0.08863500505685806, 1.0989651288172455, 1.1876001358032227], [0.10762421041727066, 1.4541390240192413, 1.5617631673812866], [0.0589449517428875, 0.9969591899820563, 1.0559041500091553]]
wcfid of epoch 19 is 1.002379494217726
--------------------------------------
values at epoch: 20
[[0.06744662672281265, 0.8852304741740227, 0.9526771306991577], [0.0829453319311142, 1.12506902217865, 1.2080143690109253], [0.040748029947280884, 0.612076960504055, 0.6528249979019165], [0.10248496383428574, 1.1966561526060104, 1.2991410493850708], [0.041273124516010284, 0.61738396063447, 0.6586570739746094], [0.10508574545383453, 0.9729859828948975, 1.0780717134475708], [0.16048337519168854, 2.055400423705578, 2.215883731842041], [0.053060561418533325, 0.572780467569828, 0.6258410215377808], [0.02062930166721344, 0.28048038482666016, 0.3011096715927124], [0.07200354337692261, 1.5197111502499574, 1.59171462059021], [0.07778790593147278, 0.833062544465065, 0.9108504056930542], [0.035086739808321, 0.4339843988418579, 0.4690711498260498], [0.07481567561626434, 0.7813243344426155, 0.8561400175094604], [0.04425583779811859, 0.6761864647269249, 0.7204422950744629], [0.05337924882769585, 0.8825603052973747, 0.9359395503997803], [0.11086826771497726, 1.2863776460289955, 1.3972458839416504], [0.09851360321044922, 1.8656406194133113, 1.9641542434692383], [0.0679614320397377, 0.8786922171711922, 0.9466536641120911], [0.0979824885725975, 1.3958345800638199, 1.4938170909881592], [0.04776013642549515, 0.6181429699063301, 0.6659030914306641], [0.05466838553547859, 0.6995684333645564, 0.7542368173599243], [0.046842969954013824, 0.4150806628167629, 0.46192362904548645], [0.04967793449759483, 0.807725265622139, 0.8574031591415405], [0.08566392213106155, 0.9933060639841889, 1.078969955444336], [0.12347961962223053, 1.8871041238307953, 2.0105838775634766], [0.04462089389562607, 0.9859303646465958, 1.0305513143539429]]
wcfid of epoch 20 is 1.0437623663590505
--------------------------------------
values at epoch: 21
[[0.06328949332237244, 0.8150713667273521, 0.8783608675003052], [0.09467168152332306, 1.3642488420009613, 1.4589205980300903], [0.043710872530937195, 0.6205162853002548, 0.6642271876335144], [0.08885202556848526, 1.0916267186403275, 1.180478811264038], [0.037699006497859955, 0.6180194541811943, 0.6557184457778931], [0.10032159090042114, 0.9039653763175011, 1.0042870044708252], [0.12435752898454666, 1.8364795222878456, 1.9608371257781982], [0.05661395937204361, 0.5660089626908302, 0.6226229667663574], [0.017815001308918, 0.28458849899470806, 0.3024034798145294], [0.05888190120458603, 1.4756155845613566, 1.5344974994659424], [0.07530558109283447, 0.849801667034626, 0.9251072406768799], [0.03203960880637169, 0.38303325325250626, 0.41507285833358765], [0.08186192810535431, 0.826543964445591, 0.9084059000015259], [0.04391508549451828, 0.6692855805158615, 0.7132006883621216], [0.05829765647649765, 0.8349845206089905, 0.8932821750640869], [0.09400015324354172, 1.4083628877997398, 1.5023629665374756], [0.08556056022644043, 1.7971386482887997, 1.8826992511749268], [0.06896959245204926, 0.8665576502680779, 0.9355272650718689], [0.10245174914598465, 1.638727992773056, 1.7411798238754272], [0.04128698632121086, 0.6000701487064362, 0.6413571238517761], [0.0481853261590004, 0.6899876929819584, 0.7381730675697327], [0.04455084726214409, 0.4135868288576603, 0.4581376612186432], [0.043219611048698425, 0.6942516788840294, 0.7374712824821472], [0.08691789954900742, 1.1280268931516433, 1.2149447202682495], [0.12433956563472748, 1.5087636709213257, 1.6331032514572144], [0.0549127571284771, 0.9677242733721789, 1.0226370096206665]]
wcfid of epoch 21 is 1.0240390873872316
--------------------------------------
values at epoch: 22
[[0.05215800181031227, 0.7371461391448975, 0.7893041372299194], [0.08030673861503601, 1.1486817225813866, 1.228988528251648], [0.0469353124499321, 0.5657823532819748, 0.6127176880836487], [0.09996305406093597, 1.1884986013174057, 1.288461685180664], [0.03270122781395912, 0.5053943768143654, 0.5380956530570984], [0.10810806602239609, 0.9224239811301231, 1.0305320024490356], [0.16505135595798492, 2.249394468963146, 2.4144458770751953], [0.07303775101900101, 0.653370626270771, 0.7264083623886108], [0.019113793969154358, 0.2910079099237919, 0.31012171506881714], [0.06826931238174438, 1.5461195352824437, 1.6143889427185059], [0.07695494592189789, 0.8100052922964096, 0.8869602680206299], [0.037173427641391754, 0.386417493224144, 0.42359092831611633], [0.07069671154022217, 0.7328295856714249, 0.8035262823104858], [0.055081915110349655, 0.6662772223353386, 0.721359133720398], [0.05867324396967888, 0.8285704627633095, 0.8872437477111816], [0.0980355367064476, 1.3289501145482063, 1.426985740661621], [0.09121392667293549, 1.763852965554385, 1.8550668954849243], [0.07177336513996124, 0.9596469178795815, 1.031420350074768], [0.09748409688472748, 1.243714101612568, 1.341198205947876], [0.06771465390920639, 0.6823724061250687, 0.7500870227813721], [0.05495379492640495, 0.5930020436644554, 0.6479558348655701], [0.04508532956242561, 0.44105928391218185, 0.48614463210105896], [0.050166767090559006, 0.6541930958628654, 0.7043598890304565], [0.08496406674385071, 1.119169094529678, 1.204133152961731], [0.1376258134841919, 1.7686392664909363, 1.906265139579773], [0.06301327794790268, 0.9661224231529376, 1.0291357040405273]]
wcfid of epoch 22 is 1.0253422122735243
--------------------------------------
values at epoch: 23
[[0.04929032549262047, 0.783477321267128, 0.8327676057815552], [0.07581924647092819, 1.2102593779563904, 1.286078691482544], [0.03990582004189491, 0.5484871642193093, 0.5883930325508118], [0.07641232013702393, 1.0808619558811188, 1.1572742462158203], [0.02733733132481575, 0.5660355240106583, 0.5933728218078613], [0.07403150945901871, 0.8731297180056572, 0.9471612572669983], [0.15899214148521423, 2.072133556008339, 2.231125593185425], [0.03764260932803154, 0.5636733174324036, 0.6013159155845642], [0.021731846034526825, 0.24383484199643135, 0.2655666768550873], [0.06733974069356918, 1.5862221945421593, 1.6535619497299194], [0.07388118654489517, 0.8893455564975739, 0.9632267355918884], [0.02415674924850464, 0.3862074241042137, 0.41036418080329895], [0.06184675917029381, 0.844593919813633, 0.9064406752586365], [0.0475151389837265, 0.6275460571050644, 0.6750612258911133], [0.044291768223047256, 0.7435790747404099, 0.7878708839416504], [0.09255702793598175, 1.3336678445339203, 1.426224946975708], [0.08575714379549026, 1.8815234717518352, 1.967280626296997], [0.06231023743748665, 0.8612485378980637, 0.92355877161026], [0.11788131296634674, 1.8016381189227104, 1.9195194244384766], [0.04583454132080078, 0.657423123717308, 0.70325767993927], [0.04863386228680611, 0.6276385523378849, 0.676272451877594], [0.04072078317403793, 0.37561358138918877, 0.4163343608379364], [0.053075458854436874, 0.8270030841231346, 0.8800784945487976], [0.08808446675539017, 1.0883399326972496, 1.1764243841171265], [0.11161284893751144, 1.3990829959511757, 1.5106958150863647], [0.05411865562200546, 1.0961562054562597, 1.1502748727798462]]
wcfid of epoch 23 is 1.024980896940598
--------------------------------------
values at epoch: 24
[[0.05989588797092438, 0.8127990290522575, 0.8726949095726013], [0.07914665341377258, 1.2370953783392906, 1.316241979598999], [0.033668361604213715, 0.6866419613361359, 0.7203102707862854], [0.0837826281785965, 1.1164789125323296, 1.2002615928649902], [0.03624371066689491, 0.6285926252603531, 0.6648363471031189], [0.07493764162063599, 0.7859857156872749, 0.8609233498573303], [0.14062386751174927, 2.0628008767962456, 2.2034246921539307], [0.055912092328071594, 0.5926565602421761, 0.6485686302185059], [0.02010667324066162, 0.2830174155533314, 0.3031240999698639], [0.0768718272447586, 1.6501538359194625, 1.7270257472991943], [0.06674555689096451, 0.8064948916435242, 0.8732404708862305], [0.031119519844651222, 0.3996078073978424, 0.4307273328304291], [0.06881294399499893, 0.7526795119047165, 0.8214924931526184], [0.04744827747344971, 0.7341507561504841, 0.7815990447998047], [0.05688394606113434, 0.7961854189634323, 0.8530693650245667], [0.10651639103889465, 1.5219515934586525, 1.6284679174423218], [0.1134360283613205, 1.917744977256209, 2.0311810970306396], [0.07853211462497711, 0.9846727848052979, 1.0632048845291138], [0.11516743898391724, 1.537573680281639, 1.6527411937713623], [0.0498940534889698, 0.6289670988917351, 0.678861141204834], [0.039894212037324905, 0.5947511792182922, 0.634645402431488], [0.03325297310948372, 0.4042791277170181, 0.43753209710121155], [0.044970449060201645, 0.6769304797053337, 0.7219009399414062], [0.08736785501241684, 1.0096263168900124, 1.096994161605835], [0.13377539813518524, 2.0508936643600464, 2.184669256210327], [0.05553364008665085, 1.0567864818792947, 1.1123201847076416]]
wcfid of epoch 24 is 1.0584637923882558
--------------------------------------
values at epoch: 25
[[0.05016787722706795, 0.8114565834403038, 0.8616244196891785], [0.0833510234951973, 1.1922259479761124, 1.2755769491195679], [0.0355609767138958, 0.5947189405560493, 0.6302798986434937], [0.10302804410457611, 1.3369268514215946, 1.4399548768997192], [0.029540272429585457, 0.4973572699859978, 0.5268975496292114], [0.07976343482732773, 0.8698535561561584, 0.9496169686317444], [0.13264359533786774, 1.8361703604459763, 1.9688138961791992], [0.04372426122426987, 0.578133761882782, 0.6218580007553101], [0.020863967016339302, 0.2648732326924801, 0.28573721647262573], [0.07535109668970108, 1.7264468254378642, 1.8017979860305786], [0.0698927566409111, 0.8559871912002563, 0.925879955291748], [0.03850511461496353, 0.41440359503030777, 0.4529086947441101], [0.056759923696517944, 0.7195563763380051, 0.7763162851333618], [0.042000897228717804, 0.7181984707713127, 0.7601993680000305], [0.0514836348593235, 0.8471181690692902, 0.898601770401001], [0.10154964029788971, 1.1433578729629517, 1.2449074983596802], [0.08944325149059296, 1.6954783376252243, 1.7849215269088745], [0.07599297910928726, 0.9348931536078453, 1.0108860731124878], [0.11615528166294098, 1.628569819033146, 1.7447251081466675], [0.04863334819674492, 0.7147762477397919, 0.7634096145629883], [0.04808704927563667, 0.5466196909546852, 0.5947067737579346], [0.0336582288146019, 0.39653463661670685, 0.43019285798072815], [0.04174467921257019, 0.6269795969128609, 0.6687242984771729], [0.08121208101511002, 1.022805587411004, 1.1040176153182983], [0.10894934833049774, 1.5376615449786186, 1.6466108560562134], [0.05818812549114227, 0.994555990353041, 1.0527441501617432]]
wcfid of epoch 25 is 1.0085350080178335
--------------------------------------
values at epoch: 26
[[0.06656832993030548, 0.9066028222441673, 0.9731711149215698], [0.08117751032114029, 1.255646750330925, 1.3368241786956787], [0.03495034947991371, 0.5611329898238182, 0.5960833430290222], [0.10376209020614624, 1.028480514883995, 1.1322426795959473], [0.032602496445178986, 0.4778404012322426, 0.5104429125785828], [0.1101432517170906, 0.9893433004617691, 1.0994865894317627], [0.13920120894908905, 1.6217904388904572, 1.7609915733337402], [0.03761003911495209, 0.5609346702694893, 0.598544716835022], [0.025057045742869377, 0.33490270748734474, 0.35995975136756897], [0.08285946398973465, 1.6033403746864106, 1.6861999034881592], [0.07864388078451157, 0.8661829456686974, 0.9448267817497253], [0.0343797467648983, 0.4083532728254795, 0.4427330195903778], [0.07718157768249512, 0.8209265545010567, 0.8981081247329712], [0.049133650958538055, 0.6709943115711212, 0.7201279401779175], [0.0604877769947052, 0.84953623265028, 0.9100240468978882], [0.1125098392367363, 1.3158861324191093, 1.4283959865570068], [0.0964408665895462, 1.747335926739566, 1.843776822090149], [0.07135247439146042, 0.7817398011684418, 0.8530923128128052], [0.08289248496294022, 1.2949487268924713, 1.3778412342071533], [0.037450022995471954, 0.6794998943805695, 0.7169498801231384], [0.04083488509058952, 0.5764149874448776, 0.6172499060630798], [0.034515947103500366, 0.428102221339941, 0.4626181721687317], [0.050437748432159424, 0.7264743745326996, 0.7769121527671814], [0.10521304607391357, 1.1423012815868268, 1.2475143671035767], [0.1620485782623291, 2.0593215003609657, 2.221369981765747], [0.05833343416452408, 1.0053079837777301, 1.0636414289474487]]
wcfid of epoch 26 is 1.0222741892704597
--------------------------------------
values at epoch: 27
[[0.05005732178688049, 0.8334744721651077, 0.8835318088531494], [0.06948433071374893, 1.153683066368103, 1.2231674194335938], [0.040515102446079254, 0.5776182562112808, 0.6181333661079407], [0.07107053697109222, 1.004814825952053, 1.0758854150772095], [0.029243839904665947, 0.4917445033788681, 0.5209883451461792], [0.09674328565597534, 0.9360808283090591, 1.0328240394592285], [0.14107397198677063, 1.6567316576838493, 1.7978055477142334], [0.06151274964213371, 0.6366093009710312, 0.6981220841407776], [0.025446761399507523, 0.2811929378658533, 0.306639701128006], [0.06872083991765976, 1.4953929521101903, 1.564113736152649], [0.08070745319128036, 0.883134014904499, 0.963841438293457], [0.0363713875412941, 0.40829724818468094, 0.44466862082481384], [0.06851420551538467, 0.7663242667913437, 0.8348385095596313], [0.036637842655181885, 0.642192617058754, 0.6788304448127747], [0.05753175914287567, 0.8679903596639633, 0.9255221486091614], [0.09424982964992523, 1.1648034751415253, 1.259053349494934], [0.06871852278709412, 1.8104055848508545, 1.8791241645812988], [0.07113159447908401, 0.8818749859929085, 0.9530065655708313], [0.09487570822238922, 1.5333200469613075, 1.6281957626342773], [0.04247969016432762, 0.6641242429614067, 0.7066039443016052], [0.04233705997467041, 0.626323364675045, 0.6686604022979736], [0.032138727605342865, 0.39425942301750183, 0.4263981580734253], [0.04843907430768013, 0.6171790063381195, 0.6656181216239929], [0.08337779343128204, 1.0134142935009858, 1.0967921018600464], [0.161085844039917, 1.9392044097185135, 2.100290298461914], [0.05519271641969681, 0.9526281575617879, 1.0078208446502686]]
wcfid of epoch 27 is 0.9984798591870528
--------------------------------------
values at epoch: 28
[[0.07304607331752777, 0.9369840696454048, 1.0100301504135132], [0.090995192527771, 1.3086723610758781, 1.399667501449585], [0.04043581709265709, 0.5715939104557037, 0.6120296716690063], [0.07919210940599442, 1.052524521946907, 1.1317167282104492], [0.030747314915060997, 0.567845992743969, 0.5985932946205139], [0.0808161199092865, 0.9148031175136566, 0.9956192970275879], [0.15249450504779816, 2.025137260556221, 2.1776316165924072], [0.04406517744064331, 0.536692887544632, 0.5807580351829529], [0.014966921880841255, 0.28895664028823376, 0.3039235770702362], [0.07613078504800797, 1.4849498081042287, 1.5610805749893188], [0.07246940582990646, 0.7948462963104248, 0.8673157095909119], [0.03429436683654785, 0.3987753801047802, 0.43306973576545715], [0.05549239739775658, 0.7623431086540222, 0.8178355097770691], [0.048901040107011795, 0.8084472492337227, 0.8573482632637024], [0.07638305425643921, 0.9709103479981422, 1.0472934246063232], [0.0896129459142685, 1.2969335317611694, 1.3865464925765991], [0.09148424118757248, 1.741189024910124, 1.832673192024231], [0.061918411403894424, 0.8724633902311325, 0.9343818426132202], [0.07873039692640305, 1.2458729892969131, 1.3246033191680908], [0.03805460035800934, 0.6103346422314644, 0.6483892202377319], [0.04823567718267441, 0.6503044217824936, 0.6985400915145874], [0.03424316644668579, 0.44416568800807, 0.4784088432788849], [0.056027017533779144, 0.7485082000494003, 0.8045352101325989], [0.07655876129865646, 0.9139669028474854, 0.9905256628990173], [0.1389807015657425, 1.8303864821791649, 1.969367265701294], [0.058465626090765, 1.041432350242733, 1.0998979806900024]]
wcfid of epoch 28 is 1.0216070081178958
--------------------------------------
values at epoch: 29
[[0.07086479663848877, 0.9115568250417709, 0.9824216365814209], [0.08041467517614365, 1.2677523642778397, 1.348167061805725], [0.03642464801669121, 0.5745744332671165, 0.6109990477561951], [0.09319821745157242, 1.2432397976517677, 1.3364379405975342], [0.035428486764431, 0.6056378223001957, 0.641066312789917], [0.09529753029346466, 0.950438991189003, 1.04573655128479], [0.14434044063091278, 1.8971191868185997, 2.041459560394287], [0.042865049093961716, 0.554647222161293, 0.5975122451782227], [0.02060973271727562, 0.29424525052309036, 0.3148549795150757], [0.07469098269939423, 1.621893191594148, 1.6965841054916382], [0.05766284465789795, 0.7847265377640724, 0.8423894047737122], [0.028250500559806824, 0.4008450321853161, 0.4290955066680908], [0.055960532277822495, 0.8312254026532173, 0.8871859312057495], [0.049333326518535614, 0.7375734001398087, 0.7869067192077637], [0.05667317286133766, 0.8773818090558052, 0.934054970741272], [0.09913603216409683, 1.3715305253863335, 1.470666527748108], [0.09641614556312561, 1.776756750424049, 1.8731728792190552], [0.05635899305343628, 0.7555072605609894, 0.8118662238121033], [0.07470086216926575, 1.2041808441281319, 1.2788816690444946], [0.06704235821962357, 0.9622897356748581, 1.029332160949707], [0.05067620426416397, 0.6028784587979317, 0.6535546779632568], [0.03356899693608284, 0.4031074047088623, 0.43667641282081604], [0.045171622186899185, 0.8220012485980988, 0.8671728372573853], [0.09395752847194672, 1.1940209624361524, 1.2879785299301147], [0.145642951130867, 2.3290478885173798, 2.4746909141540527], [0.05283002555370331, 0.9049425390204365, 0.9577725529670715]]
wcfid of epoch 29 is 1.0629475907637522
--------------------------------------
values at epoch: 30
[[0.06764563918113708, 0.8063992187380791, 0.8740448951721191], [0.10441078245639801, 1.4312827363610268, 1.5356935262680054], [0.04181613028049469, 0.5379928201436996, 0.5798089504241943], [0.10299132019281387, 1.229986809194088, 1.3329781293869019], [0.030966700986027718, 0.5608857236802578, 0.5918524265289307], [0.0932290256023407, 0.8953544124960899, 0.9885834455490112], [0.13827678561210632, 1.5634038597345352, 1.7016806602478027], [0.05693187564611435, 0.6422247365117073, 0.6991565823554993], [0.024455368518829346, 0.3019919376820326, 0.3264473080635071], [0.07653670012950897, 1.5271938405629852, 1.6037304401397705], [0.07388215512037277, 0.8733431920409203, 0.9472253322601318], [0.026074204593896866, 0.3725625202059746, 0.39863672852516174], [0.06610456109046936, 0.8605024740099907, 0.9266070127487183], [0.053152211010456085, 0.6741014048457146, 0.7272536158561707], [0.06277703493833542, 0.8304898291826248, 0.8932668566703796], [0.09476933628320694, 1.1033015623688698, 1.1980708837509155], [0.09944077581167221, 1.7137173404011332, 1.8131581544876099], [0.09831678122282028, 0.9305789619684219, 1.0288957357406616], [0.08122409880161285, 1.1320551112294197, 1.2132792472839355], [0.03630438819527626, 0.6244687102735043, 0.6607730984687805], [0.04786345735192299, 0.6117593161761761, 0.6596227884292603], [0.03163069859147072, 0.39240309596061707, 0.4240337908267975], [0.05386648699641228, 0.6430281847715378, 0.6968947052955627], [0.08645684272050858, 1.066906275101904, 1.1533632278442383], [0.11430323123931885, 1.4151787981390953, 1.5294820070266724], [0.047617968171834946, 0.8904088107575807, 0.9380267858505249]]
wcfid of epoch 30 is 0.978560243661587
--------------------------------------
values at epoch: 31
[[0.08693020045757294, 0.9581697806715965, 1.0450999736785889], [0.10974064469337463, 1.3930057510733604, 1.502746343612671], [0.030763408169150352, 0.5500002279877663, 0.5807636380195618], [0.10960932075977325, 1.1601680219173431, 1.2697774171829224], [0.022092269733548164, 0.46404600888490677, 0.4861382842063904], [0.1179288923740387, 1.0889118239283562, 1.2068406343460083], [0.15648625791072845, 2.178006686270237, 2.3344929218292236], [0.0705685019493103, 0.5805296897888184, 0.6510981917381287], [0.021394554525613785, 0.3200206458568573, 0.3414151966571808], [0.08348467200994492, 1.655828343232927, 1.739313006401062], [0.08502548187971115, 0.8802155628800392, 0.9652410745620728], [0.03284083306789398, 0.3996025323867798, 0.43244338035583496], [0.06609069555997849, 0.7859754860401154, 0.852066159248352], [0.05752423405647278, 0.7083442956209183, 0.7658685445785522], [0.0742509737610817, 0.905659943819046, 0.9799109101295471], [0.11629802733659744, 1.5330191403627396, 1.6493172645568848], [0.09139472246170044, 1.8176017765914418, 1.90899658203125], [0.0762709304690361, 0.830893337726593, 0.9071642756462097], [0.12458902597427368, 1.488627441227436, 1.6132164001464844], [0.06525508314371109, 0.9426745176315308, 1.0079295635223389], [0.05888889729976654, 0.6605393663048744, 0.719428300857544], [0.035172849893569946, 0.4127587378025055, 0.44793158769607544], [0.055247727781534195, 0.620069831609726, 0.6753175854682922], [0.0969083309173584, 1.1197324727767348, 1.216640830039978], [0.13906127214431763, 1.523152507841587, 1.6622138023376465], [0.05735033005475998, 0.9626596535691708, 1.020009994506836]]
wcfid of epoch 31 is 1.0762069947444475
--------------------------------------
values at epoch: 32
[[0.08706759661436081, 0.9008341282606125, 0.9879017472267151], [0.12164465337991714, 1.2752167358994484, 1.3968613147735596], [0.04402800276875496, 0.6559100262820721, 0.6999379992485046], [0.12838485836982727, 1.4534510150551796, 1.5818358659744263], [0.04538508877158165, 0.6019309461116791, 0.647316038608551], [0.12895670533180237, 1.0444121211767197, 1.1733688116073608], [0.17124617099761963, 1.7957961931824684, 1.967042326927185], [0.0705074742436409, 0.5004068091511726, 0.5709142684936523], [0.019154496490955353, 0.25333376228809357, 0.27248823642730713], [0.10769905894994736, 1.61039126976582, 1.718090295791626], [0.10465824604034424, 0.9526708573102951, 1.0573291778564453], [0.04263985902070999, 0.43259840086102486, 0.47523826360702515], [0.10540476441383362, 0.8521552234888077, 0.9575599431991577], [0.06972412765026093, 0.7344663180410862, 0.804190456867218], [0.05781492218375206, 0.8661927804350853, 0.9240076541900635], [0.1451437622308731, 1.5906690806150436, 1.735812783241272], [0.12550504505634308, 1.8964540080460242, 2.021959066390991], [0.10590502619743347, 0.9670810624957085, 1.072986125946045], [0.10765963792800903, 1.2535526230931282, 1.3612122535705566], [0.08102977275848389, 0.766683466732502, 0.8477132320404053], [0.05928552895784378, 0.6842640936374664, 0.7435495853424072], [0.04452494904398918, 0.40490587428212166, 0.44943082332611084], [0.07622946798801422, 0.6663110926747322, 0.7425405383110046], [0.11350689828395844, 1.0862643818064674, 1.1997712850570679], [0.16363587975502014, 1.9261280670762062, 2.089763879776001], [0.06306158751249313, 0.8450375661490962, 0.9080991744995117]]
wcfid of epoch 32 is 1.0925738903192372
--------------------------------------
values at epoch: 33
[[0.09017866104841232, 0.9231853187084198, 1.0133639574050903], [0.1002560704946518, 1.2535113915801048, 1.3537675142288208], [0.05137601122260094, 0.6326866932213306, 0.684062659740448], [0.09081724286079407, 1.1159525103867054, 1.2067697048187256], [0.029838398098945618, 0.48549839798346983, 0.515336811542511], [0.11987211555242538, 1.0034597627818584, 1.123331904411316], [0.16557163000106812, 2.0025559589266777, 2.1681275367736816], [0.0749664306640625, 0.6099255084991455, 0.684891939163208], [0.021720148622989655, 0.30604910948387354, 0.3277692496776581], [0.08877156674861908, 1.5255179171891355, 1.6142895221710205], [0.09910254180431366, 0.8954744003713131, 0.9945769309997559], [0.03567895293235779, 0.3995604068040848, 0.43523934483528137], [0.09371719509363174, 0.8502008616924286, 0.9439181089401245], [0.053673505783081055, 0.7634718269109726, 0.8171453475952148], [0.06740335375070572, 0.8964080214500427, 0.9638113975524902], [0.14173947274684906, 1.2564767077565193, 1.3982162475585938], [0.12837634980678558, 1.7755507974768479, 1.903927206993103], [0.09266187250614166, 0.8873149007558823, 0.9799767732620239], [0.1096811294555664, 1.2891126871109009, 1.3987938165664673], [0.07373511046171188, 0.7643313333392143, 0.8380664587020874], [0.049845509231090546, 0.6326269283890724, 0.6824724674224854], [0.049971796572208405, 0.4499639943242073, 0.4999357759952545], [0.08902296423912048, 0.7208972200751305, 0.8099201917648315], [0.09894514083862305, 1.0205452022370216, 1.119490385055542], [0.2001052349805832, 2.152104653418064, 2.3522098064422607], [0.07142104208469391, 0.9893991594839024, 1.06082022190094]]
wcfid of epoch 33 is 1.0727012031353438
--------------------------------------
values at epoch: 34
[[0.0842745304107666, 0.8763689994812012, 0.9606435298919678], [0.10156125575304031, 1.2790550589561462, 1.3806164264678955], [0.049914393573999405, 0.5934165269136429, 0.6433309316635132], [0.1446986049413681, 1.600030556321144, 1.7447291612625122], [0.052542105317115784, 0.6183586567640305, 0.6709007620811462], [0.10451551526784897, 0.8804186768829823, 0.9849341511726379], [0.16105493903160095, 1.6876170486211777, 1.8486720323562622], [0.07795699685811996, 0.5732119292583233, 0.6511688828468323], [0.02111288346350193, 0.3098329324275255, 0.33094581961631775], [0.09970109909772873, 1.5133068946359052, 1.61300790309906], [0.08137894421815872, 0.8235800638794899, 0.9049590229988098], [0.04421081766486168, 0.36887382343411446, 0.41308465600013733], [0.1078985407948494, 0.8659325502812862, 0.973831057548523], [0.051789745688438416, 0.6449881047010422, 0.696777880191803], [0.06963204592466354, 0.8590745255351067, 0.9287065863609314], [0.10804750770330429, 1.2526924461126328, 1.3607399463653564], [0.1268286108970642, 1.6772067869498475, 1.8040354251861572], [0.0847005769610405, 0.7706325240433216, 0.8553330898284912], [0.10537281632423401, 1.432727761566639, 1.5381006002426147], [0.07013166695833206, 0.7636779993772507, 0.8338096737861633], [0.038879022002220154, 0.5263874009251595, 0.5652664303779602], [0.04167114198207855, 0.3840781860053539, 0.4257493019104004], [0.07571461796760559, 0.5888345837593079, 0.6645492315292358], [0.10368494689464569, 1.0843543678148373, 1.1880393028259277], [0.19379359483718872, 2.1668647080659866, 2.3606581687927246], [0.07122833281755447, 0.848405787785185, 0.9196341037750244]]
wcfid of epoch 34 is 1.0485470799299388
--------------------------------------
values at epoch: 35
[[0.07193169742822647, 0.8557560592889786, 0.9276877641677856], [0.07454296201467514, 1.0608564168214798, 1.1353994607925415], [0.04842865467071533, 0.6918294951319695, 0.7402581572532654], [0.07165952026844025, 1.0207588598132133, 1.0924184322357178], [0.03178251162171364, 0.6100946739315987, 0.6418771743774414], [0.0936863124370575, 0.9923423752188683, 1.0860286951065063], [0.13440367579460144, 1.5502293929457664, 1.6846331357955933], [0.05449990555644035, 0.5832561478018761, 0.6377560496330261], [0.021585609763860703, 0.30131929367780685, 0.32290491461753845], [0.06778930872678757, 1.4914572536194755, 1.55924654006958], [0.06868305802345276, 0.8494005128741264, 0.9180835485458374], [0.03327793627977371, 0.3789512850344181, 0.4122292101383209], [0.06544633209705353, 0.7212033644318581, 0.7866497039794922], [0.03592250868678093, 0.6942542344331741, 0.7301767468452454], [0.055398158729076385, 0.7644122317433357, 0.8198103904724121], [0.11331050097942352, 1.1822990328073502, 1.295609474182129], [0.09569770097732544, 1.6647759089822882, 1.7604737281799316], [0.0700913667678833, 0.9106622561812401, 0.9807536005973816], [0.07748332619667053, 1.2509389445185661, 1.32842218875885], [0.054453056305646896, 0.6306922808289528, 0.685145378112793], [0.03858870640397072, 0.5571806159847663, 0.5957693457603455], [0.032668109983205795, 0.40748297423124313, 0.4401510953903198], [0.06848304718732834, 0.6389386653900146, 0.7074217200279236], [0.09267877042293549, 0.9642414703838972, 1.0569201707839966], [0.181252583861351, 2.5258993841707706, 2.7071518898010254], [0.06532277911901474, 1.0168892482614413, 1.082211971282959]]
wcfid of epoch 35 is 1.0051996341118445
--------------------------------------
 at epoc 4 wcfid is minimum 