[[0.0, -3.591179847717285e-06, -3.591179847717285e-06], [0.0, -2.6322901248931885e-05, -2.6322901248931885e-05], [0.0, -5.064159631729126e-05, -5.064159631729126e-05], [0.0, 1.52587890625e-05, 1.52587890625e-05], [0.0, 0.0001253262162208557, 0.0001253262162208557], [0.0, -1.5266239643096924e-05, -1.5266239643096924e-05], [0.0, -3.412365913391113e-05, -3.412365913391113e-05], [0.0, 1.5020370483398438e-05, 1.5020370483398438e-05], [0.0, 8.141621947288513e-06, 8.141621947288513e-06], [0.0, -0.0016320925762937227, -0.0016320925205945969], [0.0, 3.0182301998138428e-05, 3.0182301998138428e-05], [0.0, -1.2703239917755127e-06, -1.2703239917755127e-06], [0.0, 8.791685104370117e-06, 8.791685104370117e-06], [0.0, 4.090368747711182e-06, 4.090368747711182e-06], [0.0, 0.00011964887380599976, 0.00011964887380599976], [0.0, 2.6263296604156494e-05, 2.6263296604156494e-05], [0.0, -0.0020978592792876005, -0.0020978592801839113], [0.0, -2.0563602447509766e-05, -2.0563602447509766e-05], [0.0, 2.0563602447509766e-06, 2.0563602447509766e-06], [0.0, -1.078099012374878e-05, -1.078099012374878e-05], [0.0, 5.3048133850097656e-05, 5.3048133850097656e-05], [0.0, 2.041459083557129e-05, 2.041459083557129e-05], [0.0, 9.410083293914795e-06, 9.410083293914795e-06], [0.0, -0.0008267260771063212, -0.0008267260855063796], [0.0, -2.4124979972839355e-05, -2.4124979972839355e-05], [0.0, -0.0010609186947909272, -0.0010609186720103025]]
wcfid at base is-0.0002064088207239715
--------------------------------------
[[0.07019790261983871, 1.0980324894189835, 1.168230414390564], [0.06109823286533356, 1.5136968940496445, 1.574795126914978], [0.05542297288775444, 0.9503609761595726, 1.0057839155197144], [0.06873834133148193, 1.3236847296357155, 1.3924230337142944], [0.04653613641858101, 0.7426832169294357, 0.7892193794250488], [0.0816655158996582, 1.0904368236660957, 1.1721023321151733], [0.07853230088949203, 2.3348221480846405, 2.4133543968200684], [0.04462897405028343, 0.7532647326588631, 0.7978937029838562], [0.029746465384960175, 0.35300593823194504, 0.3827524185180664], [0.052640050649642944, 0.9942920858866706, 1.0469321012496948], [0.058825861662626266, 0.9180600494146347, 0.9768859148025513], [0.027389811351895332, 0.44038892164826393, 0.467778742313385], [0.04798094555735588, 0.917140781879425, 0.9651217460632324], [0.0585482195019722, 0.9824691787362099, 1.0410174131393433], [0.05776716023683548, 0.9366846084594727, 0.9944517612457275], [0.05860678106546402, 1.3393973112106323, 1.3980040550231934], [0.0, -0.0020978592792876005, -0.0020978592801839113], [0.06973065435886383, 0.9754328206181526, 1.0451635122299194], [0.0896366685628891, 1.657172091305256, 1.7468087673187256], [0.044135358184576035, 0.7349887229502201, 0.7791240811347961], [0.05732455104589462, 0.7379226051270962, 0.7952471375465393], [0.037870123982429504, 0.4509367495775223, 0.4888068437576294], [0.04951798915863037, 0.9613001123070717, 1.0108181238174438], [0.0626186951994896, 0.719663219313607, 0.7822818756103516], [0.11281631141901016, 3.3450785651803017, 3.457894802093506], [0.033944711089134216, 0.4610310018395755, 0.4949756860733032]]
wcfid at real data is1.0840680547900354
--------------------------------------
values at epoch: 0
[[0.2987467348575592, 4.880903307657867, 5.179649829864502], [0.37919434905052185, 5.420253312484222, 5.799447536468506], [0.22611157596111298, 3.2770474658796274, 3.5031590461730957], [0.348955899477005, 4.808407642926859, 5.1573638916015625], [0.20606271922588348, 2.9076693241580562, 3.113732099533081], [0.35420846939086914, 3.833536521495523, 4.187745094299316], [0.419983446598053, 6.391380183491724, 6.811363697052002], [0.3100365996360779, 3.5500673864233505, 3.8601040840148926], [0.12575803697109222, 1.1016656531593216, 1.2274236679077148], [0.3027195334434509, 4.081944223328718, 4.3846635818481445], [0.30467140674591064, 3.827199908754107, 4.131871223449707], [0.20416143536567688, 1.7173387304836427, 1.9215000867843628], [0.33277979493141174, 4.470449702436013, 4.803229808807373], [0.2638230621814728, 3.3004192616536305, 3.564242362976074], [0.26417115330696106, 4.461169818667335, 4.725340843200684], [0.37306326627731323, 5.030893690023153, 5.403956890106201], [0.3845062255859375, 5.841860228112571, 6.2263665199279785], [0.2989945113658905, 3.776265863158567, 4.075260162353516], [0.32904770970344543, 5.739523277912992, 6.068571090698242], [0.2802763879299164, 2.9336541245141032, 3.213930368423462], [0.2281053513288498, 3.0598281570065176, 3.287933349609375], [0.2147364467382431, 2.4831574946173025, 2.6978938579559326], [0.29092562198638916, 3.6404272179053963, 3.9313526153564453], [0.28791752457618713, 4.014818114022389, 4.302735805511475], [0.4056331515312195, 6.034640113358012, 6.440273284912109], [0.2916000187397003, 3.8692148271370264, 4.1608147621154785]]
wcfid of epoch 0 is 4.3146125215750475
--------------------------------------
values at epoch: 1
[[0.047439541667699814, 0.9567744955420494, 1.0042140483856201], [0.06315053999423981, 1.217547282576561, 1.2806978225708008], [0.044544290751218796, 0.7382369488477707, 0.7827812433242798], [0.08836745470762253, 1.2822500839829445, 1.3706175088882446], [0.038488298654556274, 0.5493766926229, 0.5878649950027466], [0.0617324598133564, 1.0968154296278954, 1.1585478782653809], [0.11833789944648743, 2.1270211338996887, 2.245358943939209], [0.036239467561244965, 0.6565686166286469, 0.6928080916404724], [0.03359530121088028, 0.4141192678362131, 0.44771456718444824], [0.05764921382069588, 1.7934987617469256, 1.851148009300232], [0.0633300244808197, 0.8030157834291458, 0.8663457632064819], [0.024979455396533012, 0.4549230933189392, 0.4799025356769562], [0.048349931836128235, 0.8167417645454407, 0.8650916814804077], [0.04463130980730057, 0.8974223658442497, 0.9420536756515503], [0.07812206447124481, 0.9775075390934944, 1.0556296110153198], [0.07996565848588943, 1.2528035268187523, 1.3327692747116089], [0.076221764087677, 2.007057781552519, 2.0832793712615967], [0.07482556253671646, 1.0946002453565598, 1.1694257259368896], [0.08491011708974838, 1.5201539397239685, 1.6050641536712646], [0.0605260394513607, 0.7676398605108261, 0.8281658887863159], [0.03935332968831062, 0.6058187186717987, 0.6451720595359802], [0.04171757772564888, 0.4653167128562927, 0.5070343017578125], [0.048274777829647064, 0.7385653257369995, 0.7868400812149048], [0.0852217972278595, 1.198236833701499, 1.2834585905075073], [0.07740399241447449, 2.083455093204975, 2.1608591079711914], [0.05069286748766899, 1.5534685807252455, 1.6041615009307861]]
wcfid of epoch 1 is 1.139884862762231
--------------------------------------
values at epoch: 2
[[0.06287775933742523, 1.0035482048988342, 1.0664259195327759], [0.06230190023779869, 1.3231021016836166, 1.3854039907455444], [0.046741362661123276, 0.7876855805516243, 0.8344269394874573], [0.057521164417266846, 1.049163468182087, 1.106684684753418], [0.04363274574279785, 0.6449130922555923, 0.688545823097229], [0.09702014178037643, 1.023224800825119, 1.1202449798583984], [0.12928660213947296, 2.1521998271346092, 2.2814862728118896], [0.04370817542076111, 0.7318940088152885, 0.7756022214889526], [0.04326950013637543, 0.4004474077373743, 0.4437168836593628], [0.0642528384923935, 1.7570874016030318, 1.8213402032852173], [0.049984876066446304, 0.9136371314525604, 0.9636220335960388], [0.027560751885175705, 0.41304251179099083, 0.44060325622558594], [0.04691622406244278, 0.8956750184297562, 0.9425912499427795], [0.04488382861018181, 0.8985641449689865, 0.943448007106781], [0.06186665594577789, 0.8236799340784056, 0.8855465650558472], [0.07722300291061401, 1.3903855830430984, 1.4676086902618408], [0.06538395583629608, 1.8775833041235142, 1.942967176437378], [0.05697953701019287, 0.9592140689492226, 1.0161936283111572], [0.11137550324201584, 1.897461473941803, 2.0088369846343994], [0.04272066056728363, 0.7709356248378754, 0.8136563301086426], [0.04794802889227867, 0.7032302170991898, 0.7511782050132751], [0.05008835718035698, 0.46044058352708817, 0.5105289220809937], [0.04759683087468147, 0.8741547539830208, 0.9217515587806702], [0.0769551694393158, 1.3005440028358572, 1.3774992227554321], [0.0907008945941925, 2.3719197437167168, 2.462620496749878], [0.04393671080470085, 1.477519520946518, 1.521456241607666]]
wcfid of epoch 2 is 1.1728456341303313
--------------------------------------
values at epoch: 3
[[0.05992479249835014, 1.134760521352291, 1.1946853399276733], [0.05824711546301842, 1.2116605043411255, 1.2699075937271118], [0.05148937180638313, 0.7673137485980988, 0.818803071975708], [0.06739811599254608, 1.0885213389992714, 1.1559194326400757], [0.03500520810484886, 0.5838356390595436, 0.6188408732414246], [0.08984939754009247, 0.9769717752933502, 1.0668210983276367], [0.11455070972442627, 2.2476000040769577, 2.3621506690979004], [0.03473678231239319, 0.5774126946926117, 0.6121494770050049], [0.018054381012916565, 0.2821261901408434, 0.3001805543899536], [0.07982907444238663, 1.7965730864558282, 1.8764021396636963], [0.057653386145830154, 0.8816416785120964, 0.9392950534820557], [0.028132043778896332, 0.44302112981677055, 0.4711531698703766], [0.056575968861579895, 0.7973072305321693, 0.8538832068443298], [0.04224199801683426, 0.8778869360685349, 0.9201289415359497], [0.06324871629476547, 0.9383009746670723, 1.0015497207641602], [0.08521668612957001, 1.2956668958067894, 1.3808835744857788], [0.09002973884344101, 1.8773580139286246, 1.9673876762390137], [0.06181610748171806, 0.9427216276526451, 1.0045377016067505], [0.12308304756879807, 2.1328603699803352, 2.255943536758423], [0.04820248484611511, 0.8451373800635338, 0.8933398723602295], [0.04913652688264847, 0.7697438076138496, 0.8188803195953369], [0.02775862254202366, 0.4447716027498245, 0.47253021597862244], [0.04872390627861023, 0.8057715445756912, 0.8544954061508179], [0.05982666835188866, 1.2191120426933815, 1.2789386510849], [0.09669869393110275, 1.9166157245635986, 2.0133144855499268], [0.05313412845134735, 1.5589956450941063, 1.6121296882629395]]
wcfid of epoch 3 is 1.1543942873294537
--------------------------------------
values at epoch: 4
[[0.06164476275444031, 1.0352050364017487, 1.096849799156189], [0.07449834048748016, 1.3210446387529373, 1.3955429792404175], [0.03877397999167442, 0.7566949054598808, 0.7954688668251038], [0.0996866375207901, 1.2018480449914932, 1.301534652709961], [0.03951536864042282, 0.597116693854332, 0.6366320848464966], [0.12422709912061691, 1.090637557208538, 1.2148646116256714], [0.13969548046588898, 1.759842298924923, 1.8995378017425537], [0.04546312242746353, 0.7212421521544456, 0.7667052745819092], [0.019491292536258698, 0.25728607177734375, 0.27677735686302185], [0.09346216917037964, 1.8515361615015424, 1.9449982643127441], [0.07512219250202179, 0.9154613986611366, 0.990583598613739], [0.02848394401371479, 0.405507106333971, 0.43399107456207275], [0.06621769070625305, 0.8751650229096413, 0.9413827657699585], [0.04081469774246216, 0.8673544004559517, 0.9081690907478333], [0.06290476024150848, 0.893707849085331, 0.9566126465797424], [0.118477001786232, 1.358483336865902, 1.476960301399231], [0.07418275624513626, 2.0594696671509354, 2.133652448654175], [0.07465706020593643, 0.9634510353207588, 1.0381081104278564], [0.057372476905584335, 1.2944674491882324, 1.3518399000167847], [0.04923776909708977, 0.7058954872190952, 0.7551332712173462], [0.0553467683494091, 0.7716403678059578, 0.8269871473312378], [0.05142776668071747, 0.4618160128593445, 0.5132437944412231], [0.043108999729156494, 0.8004257008433342, 0.8435347080230713], [0.07635149359703064, 1.3231678535180056, 1.3995193243026733], [0.12953315675258636, 2.069685883820057, 2.199218988418579], [0.0513269379734993, 1.3651804853304137, 1.4165074825286865]]
wcfid of epoch 4 is 1.1351675517283952
--------------------------------------
values at epoch: 5
[[0.08201532810926437, 1.0820374563336372, 1.1640527248382568], [0.10640601813793182, 1.4565559551119804, 1.5629619359970093], [0.04398340359330177, 0.7432685680687428, 0.7872519493103027], [0.11758607625961304, 1.328210860490799, 1.4457969665527344], [0.040593016892671585, 0.6717027947306633, 0.7122958302497864], [0.12444126605987549, 1.0763389728963375, 1.2007802724838257], [0.2044803500175476, 2.64888121932745, 2.8533616065979004], [0.05062950402498245, 0.7008486390113831, 0.7514781355857849], [0.028327295556664467, 0.31310957856476307, 0.34143686294555664], [0.09938164055347443, 1.7753848876290061, 1.8747665882110596], [0.11137427389621735, 0.9907883070409298, 1.1021625995635986], [0.0389348529279232, 0.4437677673995495, 0.4827026128768921], [0.10448647290468216, 1.0343782380223274, 1.1388647556304932], [0.08527053892612457, 0.9620979316532612, 1.0473685264587402], [0.07350274175405502, 0.9932289719581604, 1.0667316913604736], [0.1533927172422409, 1.6045042909681797, 1.7578970193862915], [0.10700535029172897, 1.8875725317076646, 1.9945778846740723], [0.11675667762756348, 1.0061135590076447, 1.1228702068328857], [0.10239836573600769, 1.817350383847952, 1.9197487831115723], [0.057116493582725525, 0.6494424939155579, 0.7065590023994446], [0.05487283691763878, 0.6829069815576077, 0.7377797961235046], [0.04446239024400711, 0.4282231628894806, 0.4726855456829071], [0.06786961108446121, 0.8915097638964653, 0.9593793749809265], [0.08252811431884766, 1.1292693049495421, 1.2117974758148193], [0.19410963356494904, 2.53815308958292, 2.7322628498077393], [0.08591247349977493, 1.449102280263321, 1.5350147485733032]]
wcfid of epoch 5 is 1.2570225286942263
--------------------------------------
values at epoch: 6
[[0.06185917556285858, 1.1184616386890411, 1.1803207397460938], [0.09698954224586487, 1.3666642233729362, 1.4636536836624146], [0.05104292929172516, 0.8471807390451431, 0.8982236385345459], [0.07767118513584137, 1.0294579043984413, 1.1071290969848633], [0.03416053578257561, 0.5904191732406616, 0.6245797276496887], [0.08839013427495956, 0.9905069395899773, 1.0788971185684204], [0.16057638823986053, 2.076412685215473, 2.2369890213012695], [0.0539889819920063, 0.6537347808480263, 0.7077237963676453], [0.024976737797260284, 0.3249151427298784, 0.34989187121391296], [0.09184908121824265, 1.8447829376182936, 1.9366320371627808], [0.06295568495988846, 0.8791761547327042, 0.9421318173408508], [0.02966052107512951, 0.42298784479498863, 0.4526483714580536], [0.07440056651830673, 0.9325548857450485, 1.0069555044174194], [0.0641862004995346, 0.892267718911171, 0.9564539194107056], [0.0698293149471283, 0.8667623400688171, 0.936591625213623], [0.09259437024593353, 1.1783699095249176, 1.27096426486969], [0.1164083331823349, 1.9054613502503848, 2.021869659423828], [0.07502476125955582, 0.9041701927781105, 0.9791949987411499], [0.09730799496173859, 1.5361287221312523, 1.6334367990493774], [0.05502840131521225, 0.7484617531299591, 0.8034901022911072], [0.03908190131187439, 0.641543835401535, 0.6806257963180542], [0.03440422937273979, 0.458278089761734, 0.4926823079586029], [0.051093414425849915, 0.913143128156662, 0.9642365574836731], [0.08362160623073578, 1.2321074708651534, 1.3157291412353516], [0.14740335941314697, 2.217760242521763, 2.365163803100586], [0.06758305430412292, 1.5106970714868342, 1.5782802104949951]]
wcfid of epoch 6 is 1.1532498311537962
--------------------------------------
values at epoch: 7
[[0.06025140732526779, 1.0864841118454933, 1.146735429763794], [0.07692007720470428, 1.3133048117160797, 1.390224814414978], [0.04644028842449188, 0.7694746181368828, 0.8159149289131165], [0.13687902688980103, 1.626717995852232, 1.763597011566162], [0.029211359098553658, 0.6132868453860283, 0.6424981951713562], [0.09518967568874359, 0.980635728687048, 1.0758253335952759], [0.1420031487941742, 2.207105152308941, 2.3491082191467285], [0.051558930426836014, 0.6932011544704437, 0.7447600960731506], [0.025486763566732407, 0.3439386170357466, 0.36942538619041443], [0.08049663156270981, 1.7823585731057472, 1.8628551959991455], [0.08898300677537918, 0.9466704949736595, 1.0356534719467163], [0.028862759470939636, 0.44870296120643616, 0.4775657057762146], [0.06568223983049393, 0.8622588366270065, 0.927941083908081], [0.047664497047662735, 0.8118690177798271, 0.8595335483551025], [0.06647015362977982, 1.0062585547566414, 1.0727287530899048], [0.09772991389036179, 1.5123090595006943, 1.6100389957427979], [0.09074266254901886, 1.8613778661645033, 1.9521205425262451], [0.056786347180604935, 0.8038464412093163, 0.8606327772140503], [0.08104627579450607, 1.368614636361599, 1.4496608972549438], [0.041282255202531815, 0.674474686384201, 0.7157569527626038], [0.0404796376824379, 0.6612026765942574, 0.7016823291778564], [0.038732897490262985, 0.45371124148368835, 0.49244412779808044], [0.04298326373100281, 0.8240253627300262, 0.8670086860656738], [0.0853816345334053, 1.1603682693896096, 1.2457499504089355], [0.15162986516952515, 2.3375866040587425, 2.4892165660858154], [0.08087652176618576, 1.6570952932920686, 1.7379717826843262]]
wcfid of epoch 7 is 1.1791019531396718
--------------------------------------
values at epoch: 8
[[0.06122142821550369, 1.1861545965075493, 1.2473760843276978], [0.10946252942085266, 1.3852407187223434, 1.4947031736373901], [0.05460290238261223, 0.8713519535958767, 0.9259548783302307], [0.0963207557797432, 1.141417432576418, 1.2377381324768066], [0.03767223656177521, 0.6290907180534604, 0.6667629480361938], [0.11761865019798279, 1.09152153134346, 1.2091401815414429], [0.15462875366210938, 2.169458821415901, 2.324087619781494], [0.057282887399196625, 0.6474322378635406, 0.7047150731086731], [0.020428678020834923, 0.2818609494715929, 0.3022896349430084], [0.09771549701690674, 1.8722724788950043, 1.9699879884719849], [0.0672421082854271, 0.9318442121148109, 0.999086320400238], [0.029378365725278854, 0.4111117497086525, 0.44049009680747986], [0.057131923735141754, 0.9774677455425262, 1.0345996618270874], [0.03654671460390091, 0.8094851300120354, 0.8460318446159363], [0.08896367251873016, 1.1718667224049568, 1.2608304023742676], [0.1054917424917221, 1.5430597066879272, 1.6485514640808105], [0.09871181100606918, 1.8412715244877162, 1.9399833679199219], [0.06406612694263458, 1.0832624658942223, 1.1473286151885986], [0.11169106513261795, 1.7172605991363525, 1.8289517164230347], [0.051472194492816925, 0.7387264333665371, 0.7901986241340637], [0.051936812698841095, 0.7252673432230949, 0.777204155921936], [0.03446139767765999, 0.4587024450302124, 0.4931638538837433], [0.04781229421496391, 0.8407726809382439, 0.8885849714279175], [0.07722791284322739, 1.1517387412617877, 1.2289667129516602], [0.15558740496635437, 2.43717410415411, 2.592761516571045], [0.052063073962926865, 1.5851055863514822, 1.6371686458587646]]
wcfid of epoch 8 is 1.2167945263477473
--------------------------------------
values at epoch: 9
[[0.07431133836507797, 1.1997298635542393, 1.2740412950515747], [0.07291567325592041, 1.3681837767362595, 1.4410994052886963], [0.050915274769067764, 0.8827249146997929, 0.9336402416229248], [0.11226646602153778, 1.3688813522458076, 1.4811477661132812], [0.03712141141295433, 0.6518891826272011, 0.6890106201171875], [0.10576219856739044, 1.077381044626236, 1.1831432580947876], [0.15212461352348328, 2.0088573023676872, 2.1609818935394287], [0.04962535202503204, 0.6401365846395493, 0.6897619366645813], [0.022977115586400032, 0.3274531960487366, 0.35043030977249146], [0.08543954789638519, 1.9014982203691217, 1.9869377613067627], [0.05492428317666054, 0.8802778795361519, 0.9352021813392639], [0.0283386018127203, 0.36675499752163887, 0.3950936198234558], [0.0735439732670784, 0.9575902074575424, 1.0311342477798462], [0.04661078751087189, 0.8769212886691093, 0.9235320687294006], [0.06541957706212997, 0.9034181088209152, 0.9688376784324646], [0.07834859937429428, 1.2667315974831581, 1.3450802564620972], [0.0932297334074974, 2.12790887213092, 2.2211387157440186], [0.06300808489322662, 1.0143452659249306, 1.0773533582687378], [0.07179944962263107, 1.5035877153277397, 1.5753871202468872], [0.062428493052721024, 0.9214358553290367, 0.9838643074035645], [0.048132892698049545, 0.7380810379981995, 0.7862139344215393], [0.0304276030510664, 0.4301530718803406, 0.4605806767940521], [0.04759212210774422, 0.9175253957509995, 0.9651175141334534], [0.0800507664680481, 1.16836482156549, 1.248415470123291], [0.14520525932312012, 2.06175833940506, 2.206963539123535], [0.050617896020412445, 1.487793618725201, 1.5384114980697632]]
wcfid of epoch 9 is 1.1866354105564265
--------------------------------------
values at epoch: 10
[[0.06956864893436432, 1.0492402836680412, 1.1188088655471802], [0.07789866626262665, 1.2900252044200897, 1.3679238557815552], [0.055641595274209976, 0.8735275343060493, 0.9291691184043884], [0.10592633485794067, 1.53021602332592, 1.6361422538757324], [0.02722039818763733, 0.5287408158183098, 0.5559612512588501], [0.10216175019741058, 0.9968050494790077, 1.0989668369293213], [0.14639373123645782, 2.2502914518117905, 2.3966851234436035], [0.05608278140425682, 0.6961252242326736, 0.7522079944610596], [0.027288144454360008, 0.35378558188676834, 0.3810737133026123], [0.07826496660709381, 1.7909052445424616, 1.8691701889038086], [0.058177076280117035, 0.8328579217195511, 0.8910349607467651], [0.027250180020928383, 0.4078758992254734, 0.43512606620788574], [0.05576232075691223, 0.9890732765197754, 1.0448355674743652], [0.041731271892786026, 0.6812224984169006, 0.7229537963867188], [0.06367713958024979, 0.888236440718174, 0.951913595199585], [0.058864690363407135, 1.2460911497473717, 1.3049558401107788], [0.10428495705127716, 1.9942584805873287, 2.098543405532837], [0.07352301478385925, 1.0555270314216614, 1.1290500164031982], [0.0765344426035881, 1.4858537390828133, 1.5623881816864014], [0.0768364816904068, 1.085372343659401, 1.1622087955474854], [0.06006627902388573, 0.7771705687046051, 0.8372368216514587], [0.03503447398543358, 0.4947327747941017, 0.5297672152519226], [0.05325312539935112, 0.8935039043426514, 0.9467570185661316], [0.08991193771362305, 1.2563463228148932, 1.346258282661438], [0.1030176654458046, 2.091849535703659, 2.1948671340942383], [0.04807041957974434, 1.584497284217585, 1.6325677633285522]]
wcfid of epoch 10 is 1.1883297562599182
--------------------------------------
values at epoch: 11
[[0.07497284561395645, 1.1551837027072906, 1.2301565408706665], [0.07201140373945236, 1.3393995389342308, 1.411410927772522], [0.052951786667108536, 0.7588348165154457, 0.8117866516113281], [0.07797896862030029, 1.0383358001708984, 1.1163147687911987], [0.034646786749362946, 0.5472580268979073, 0.5819048285484314], [0.0841481015086174, 0.9947422444820404, 1.078890323638916], [0.09981842339038849, 1.670958511531353, 1.7707769870758057], [0.048315927386283875, 0.7094710245728493, 0.7577869892120361], [0.0243043415248394, 0.32700888998806477, 0.3513132333755493], [0.06394580006599426, 1.648696823573448, 1.7126425504684448], [0.046752262860536575, 0.8672208860516548, 0.9139731526374817], [0.029487930238246918, 0.44399553537368774, 0.47348347306251526], [0.048780523240566254, 0.7901300266385078, 0.8389105200767517], [0.04625629633665085, 0.9189013317227364, 0.9651576280593872], [0.06621837615966797, 1.0190168842673302, 1.0852352380752563], [0.07932837307453156, 1.3262600004673004, 1.4055883884429932], [0.09053675085306168, 2.120671227375731, 2.2112081050872803], [0.0686163604259491, 1.06381144374609, 1.1324278116226196], [0.06587225943803787, 1.5575937703251839, 1.62346613407135], [0.046920839697122574, 0.7783971950411797, 0.8253180384635925], [0.05892341211438179, 0.7643798664212227, 0.8233032822608948], [0.03510522469878197, 0.45818042010068893, 0.4932856559753418], [0.052023690193891525, 0.900460347533226, 0.9524840712547302], [0.06432264298200607, 1.1851651095566416, 1.2494877576828003], [0.07666271924972534, 1.967137172818184, 2.043799877166748], [0.053141720592975616, 1.5679063620700475, 1.621048092842102]]
wcfid of epoch 11 is 1.1338908087748747
--------------------------------------
values at epoch: 12
[[0.06758387386798859, 1.0235776901245117, 1.0911616086959839], [0.07512666285037994, 1.397427260875702, 1.4725539684295654], [0.04267225041985512, 0.8756060563027859, 0.9182783365249634], [0.08641025424003601, 1.1094789430499077, 1.1958892345428467], [0.02450769767165184, 0.5663304599622636, 0.5908381342887878], [0.07379930466413498, 0.9204464107751846, 0.994245707988739], [0.10870411247015, 2.154376931488514, 2.2630810737609863], [0.042295828461647034, 0.6818301528692245, 0.7241259813308716], [0.02192327193915844, 0.30425418354570866, 0.3261774480342865], [0.06274829804897308, 1.8726936943673296, 1.9354419708251953], [0.059451062232255936, 1.009730912744999, 1.06918203830719], [0.029658442363142967, 0.4488575905561447, 0.4785160422325134], [0.06802551448345184, 0.9031946882605553, 0.9712201952934265], [0.03977326303720474, 0.8344225734472275, 0.8741958737373352], [0.06043874844908714, 0.8681560605764389, 0.9285948276519775], [0.06903243809938431, 1.2624168395996094, 1.331449270248413], [0.07658099383115768, 2.109578882798667, 2.18615984916687], [0.06448684632778168, 0.9427987262606621, 1.0072855949401855], [0.10595572739839554, 1.9458817020058632, 2.05183744430542], [0.04212094843387604, 0.6959792338311672, 0.7381001710891724], [0.040928423404693604, 0.752177007496357, 0.79310542345047], [0.038882579654455185, 0.5275590419769287, 0.5664415955543518], [0.05236317589879036, 0.8400137349963188, 0.8923768997192383], [0.07378893345594406, 1.3679435288262793, 1.441732406616211], [0.10164127498865128, 1.8277372270822525, 1.9293785095214844], [0.05889357998967171, 1.5329020250768504, 1.591795563697815]]
wcfid of epoch 12 is 1.1678140449982424
--------------------------------------
values at epoch: 13
[[0.06145987659692764, 1.1338163912296295, 1.1952762603759766], [0.05398373305797577, 1.341437429189682, 1.3954211473464966], [0.03807166963815689, 0.7430620640516281, 0.781133770942688], [0.08453329652547836, 1.2141602486371994, 1.2986935377120972], [0.03802018240094185, 0.6762724854052067, 0.7142927050590515], [0.0723213329911232, 1.0207221806049347, 1.0930434465408325], [0.10317269712686539, 1.7050238475203514, 1.8081965446472168], [0.03394436091184616, 0.6741223186254501, 0.7080667018890381], [0.01812935434281826, 0.3102065622806549, 0.3283359110355377], [0.06828971207141876, 1.8725539333581462, 1.9408437013626099], [0.050477392971515656, 0.8325442522764206, 0.8830216526985168], [0.02967066504061222, 0.4193234033882618, 0.44899407029151917], [0.05345681682229042, 0.8267128095030785, 0.8801696300506592], [0.03984728455543518, 0.862238697707653, 0.9020860195159912], [0.06189333274960518, 1.01211529225111, 1.074008584022522], [0.07128338515758514, 1.204182706773281, 1.2754660844802856], [0.0715133547782898, 2.1344566900396695, 2.205970048904419], [0.06888260692358017, 0.9679373949766159, 1.0368200540542603], [0.10836616158485413, 1.953617312014103, 2.061983585357666], [0.05348991975188255, 0.7677994593977928, 0.8212893605232239], [0.042783528566360474, 0.7829343900084496, 0.8257179260253906], [0.034888412803411484, 0.43685705959796906, 0.47174546122550964], [0.05560556426644325, 0.9269636571407318, 0.9825692772865295], [0.07955534011125565, 1.189745944834264, 1.2693012952804565], [0.08399476855993271, 2.026875175535679, 2.110870122909546], [0.055000681430101395, 1.6478767174971796, 1.702877402305603]]
wcfid of epoch 13 is 1.1621613193016787
--------------------------------------
values at epoch: 14
[[0.06358987092971802, 1.0339656695723534, 1.0975556373596191], [0.07001730799674988, 1.3459716439247131, 1.4159889221191406], [0.046177707612514496, 0.7857800349593163, 0.8319576978683472], [0.0674852505326271, 1.1357083022594452, 1.2031935453414917], [0.032131701707839966, 0.5355724915862083, 0.5677042007446289], [0.07537132501602173, 1.0694986507296562, 1.1448700428009033], [0.10264286398887634, 2.1316073313355446, 2.234250068664551], [0.04061933606863022, 0.6712252870202065, 0.7118446230888367], [0.026045870035886765, 0.3468575496226549, 0.37290340662002563], [0.07197358459234238, 1.8468272711764013, 1.9188008308410645], [0.058060020208358765, 0.9099356383085251, 0.9679956436157227], [0.03389977663755417, 0.5124096907675266, 0.5463094711303711], [0.06692015379667282, 0.8645214214920998, 0.931441605091095], [0.04119986668229103, 0.7908758372068405, 0.8320757150650024], [0.062092654407024384, 0.933852955698967, 0.9959456324577332], [0.06670721620321274, 1.3189514726400375, 1.3856587409973145], [0.06510122865438461, 2.067485547468503, 2.132586717605591], [0.06773291528224945, 1.0670120567083359, 1.1347450017929077], [0.08502913266420364, 1.5567470267415047, 1.641776204109192], [0.04489556699991226, 0.697157010436058, 0.7420526146888733], [0.04315671697258949, 0.7369908317923546, 0.7801475524902344], [0.034327879548072815, 0.46381019055843353, 0.49813807010650635], [0.04834706708788872, 0.8669538795948029, 0.9153009057044983], [0.06830356270074844, 1.1235356334570432, 1.1918392181396484], [0.11064933985471725, 2.6066335514187813, 2.717283010482788], [0.054215334355831146, 1.5982863370696612, 1.6525017023086548]]
wcfid of epoch 14 is 1.1755717992782593
--------------------------------------
values at epoch: 15
[[0.07605621218681335, 1.208702377974987, 1.2847585678100586], [0.0702112540602684, 1.3880365490913391, 1.4582477807998657], [0.04834253713488579, 0.760288193821907, 0.8086307048797607], [0.06390950083732605, 1.1883655413985252, 1.2522751092910767], [0.03098122775554657, 0.562217228114605, 0.5931984782218933], [0.07438267022371292, 0.9375528395175934, 1.0119354724884033], [0.09696125984191895, 2.0687385946512222, 2.1656999588012695], [0.046676408499479294, 0.6621686443686485, 0.7088450193405151], [0.028445228934288025, 0.38242335617542267, 0.4108685851097107], [0.06739570200443268, 1.8741095654808237, 1.9415051937103271], [0.0571381077170372, 0.8975296020507812, 0.9546676874160767], [0.03322179988026619, 0.43976809084415436, 0.47298988699913025], [0.05241350829601288, 0.8581801205873489, 0.9105936288833618], [0.03841257467865944, 0.8300569951534271, 0.8684695959091187], [0.06458935886621475, 1.0594370348692936, 1.1240264177322388], [0.08143225312232971, 1.263298250734806, 1.3447304964065552], [0.06435728818178177, 2.1116594844893566, 2.1760168075561523], [0.07921144366264343, 1.009814701974392, 1.0890262126922607], [0.07681863009929657, 1.5178117528557777, 1.5946303606033325], [0.059763602912425995, 0.8763538524508476, 0.9361174702644348], [0.05319303646683693, 0.8123193867504597, 0.8655124306678772], [0.03941119462251663, 0.46072112023830414, 0.5001323223114014], [0.05048124119639397, 0.9142408967018127, 0.9647221565246582], [0.07363371551036835, 1.2245476155362165, 1.2981812953948975], [0.11288979649543762, 2.5435779318213463, 2.6564676761627197], [0.05958811938762665, 1.6672175539524783, 1.7268056869506836]]
wcfid of epoch 15 is 1.1968867308818376
--------------------------------------
values at epoch: 16
[[0.060144998133182526, 1.1624318435788155, 1.2225768566131592], [0.06699656695127487, 1.2353417426347733, 1.3023383617401123], [0.04130495712161064, 0.770460844039917, 0.8117657899856567], [0.07237591594457626, 1.3707426562905312, 1.4431185722351074], [0.02407391183078289, 0.546992227435112, 0.57106614112854], [0.06755147874355316, 1.008497841656208, 1.0760493278503418], [0.12150287628173828, 2.132913328707218, 2.2544162273406982], [0.04641779884696007, 0.7674978598952293, 0.8139156103134155], [0.024703016504645348, 0.3484958726912737, 0.37319889664649963], [0.05250045657157898, 1.8886936756363726, 1.9411941766738892], [0.05082598701119423, 0.7758634611964226, 0.8266894817352295], [0.030364688485860825, 0.47368644550442696, 0.504051148891449], [0.05597973242402077, 1.0112356543540955, 1.0672154426574707], [0.035268742591142654, 0.8440629541873932, 0.879331648349762], [0.07049786299467087, 1.0322388634085655, 1.1027367115020752], [0.08741862326860428, 1.3255281299352646, 1.4129468202590942], [0.08137595653533936, 1.9448230042762078, 2.0261988639831543], [0.05966019630432129, 1.0054869204759598, 1.0651471614837646], [0.09667261689901352, 1.815672017633915, 1.9123446941375732], [0.04565735161304474, 0.7239279523491859, 0.7695853114128113], [0.0499512180685997, 0.746092677116394, 0.796043872833252], [0.03488529101014137, 0.4460381492972374, 0.48092344403266907], [0.05059599503874779, 0.867427408695221, 0.918023407459259], [0.08495354652404785, 1.2120691153934342, 1.2970227003097534], [0.10928569734096527, 2.213586650788784, 2.3228721618652344], [0.05118132382631302, 1.6492955710014001, 1.700476884841919]]
wcfid of epoch 16 is 1.188124989087765
--------------------------------------
values at epoch: 17
[[0.06145288050174713, 1.045090727508068, 1.1065435409545898], [0.06218673661351204, 1.2132857367396355, 1.2754724025726318], [0.037034906446933746, 0.7663388177752495, 0.8033737540245056], [0.07683750241994858, 1.1848661825060844, 1.2617037296295166], [0.03082643635571003, 0.6331120878458023, 0.6639385223388672], [0.05499372258782387, 0.9130816906690598, 0.9680754542350769], [0.12256329506635666, 2.1133300364017487, 2.235893487930298], [0.038616884499788284, 0.6494773030281067, 0.6880941987037659], [0.023069340735673904, 0.3860338106751442, 0.4091031551361084], [0.07036850601434708, 1.7453420228003116, 1.8157105445861816], [0.048431575298309326, 0.8262963369488716, 0.8747279047966003], [0.02683078683912754, 0.4590032137930393, 0.485834002494812], [0.06814941018819809, 0.9376528114080429, 1.0058022737503052], [0.044560112059116364, 0.8546905443072319, 0.8992506861686707], [0.07582710683345795, 1.1682531833648682, 1.2440803050994873], [0.10246337950229645, 1.3283206447958946, 1.430783987045288], [0.08318803459405899, 2.18148582864075, 2.264673948287964], [0.0656093955039978, 1.0805467367172241, 1.1461560726165771], [0.08263003081083298, 1.7643523812294006, 1.8469823598861694], [0.06372487545013428, 0.8727217204868793, 0.9364466071128845], [0.04842367768287659, 0.6786769181489944, 0.7271006107330322], [0.033228110522031784, 0.4380021169781685, 0.4712302088737488], [0.04667338356375694, 0.9220419749617577, 0.9687153100967407], [0.07457208633422852, 1.204177840164962, 1.278749942779541], [0.12181407958269119, 2.4392963647842407, 2.561110258102417], [0.047713372856378555, 1.6792103093690547, 1.7269237041473389]]
wcfid of epoch 17 is 1.1960183450808892
--------------------------------------
values at epoch: 18
[[0.056125059723854065, 0.9850678741931915, 1.041192889213562], [0.0649804100394249, 1.4011437073349953, 1.4661240577697754], [0.05175488442182541, 0.8017465397715569, 0.8535014390945435], [0.06826310604810715, 1.2543527334928513, 1.3226157426834106], [0.03396817296743393, 0.7017000913619995, 0.7356682419776917], [0.07318101078271866, 1.0563282668590546, 1.1295093297958374], [0.11062484234571457, 2.32371723651886, 2.4343419075012207], [0.04833986982703209, 0.6949150636792183, 0.7432548999786377], [0.03202591463923454, 0.3801182843744755, 0.41214418411254883], [0.07516743987798691, 1.8340702484046822, 1.9092376232147217], [0.049712736159563065, 0.8803475946187973, 0.9300603270530701], [0.03276999667286873, 0.42672795057296753, 0.45949795842170715], [0.05033767968416214, 0.8125330209732056, 0.8628706932067871], [0.03789208084344864, 0.9330042600631714, 0.9708963632583618], [0.07985273003578186, 1.140805572271347, 1.220658302307129], [0.07448761910200119, 1.3156340569257736, 1.390121579170227], [0.08272247016429901, 2.205452904657844, 2.288175344467163], [0.06035499647259712, 1.0856338068842888, 1.1459887027740479], [0.07475556433200836, 1.4752289727330208, 1.5499845743179321], [0.05316755920648575, 0.8136398084461689, 0.8668074011802673], [0.04442468658089638, 0.7490871474146843, 0.7935118675231934], [0.03130783513188362, 0.5037087127566338, 0.5350165367126465], [0.04926621541380882, 0.8417346104979515, 0.8910008072853088], [0.07216077297925949, 1.1565928294011019, 1.2287535667419434], [0.08668699115514755, 2.2704567164182663, 2.3571438789367676], [0.05416830629110336, 1.8385276645475994, 1.8926960229873657]]
wcfid of epoch 18 is 1.2088759323725333
--------------------------------------
values at epoch: 19
[[0.061482083052396774, 1.2112988233566284, 1.2727808952331543], [0.06914588063955307, 1.4090837612748146, 1.4782296419143677], [0.06558270752429962, 0.9504565298557281, 1.016039252281189], [0.08823782950639725, 1.1095216050744057, 1.1977595090866089], [0.026976855471730232, 0.6212148219347, 0.6481916904449463], [0.07521755248308182, 1.0250240191817284, 1.1002416610717773], [0.09553257375955582, 1.7830955982208252, 1.878628134727478], [0.04840145260095596, 0.7351599857211113, 0.7835614681243896], [0.026626266539096832, 0.39378816075623035, 0.42041441798210144], [0.07213184982538223, 1.6896892171419304, 1.7618210315704346], [0.057913169264793396, 0.9078626856207848, 0.9657758474349976], [0.03407610207796097, 0.4093126133084297, 0.4433887004852295], [0.04882489889860153, 0.8812923580408096, 0.9301172494888306], [0.04641496017575264, 0.9292105361819267, 0.9756255149841309], [0.05931240692734718, 0.8980338424444199, 0.9573462605476379], [0.06459275633096695, 1.2501938045024872, 1.3147865533828735], [0.08503291010856628, 2.1754950234867922, 2.2605278491973877], [0.051534537225961685, 0.9226662293076515, 0.9742007851600647], [0.06845042109489441, 1.456538438796997, 1.5249888896942139], [0.04771418869495392, 0.7320368550717831, 0.7797510027885437], [0.037087373435497284, 0.6776818037033081, 0.714769184589386], [0.029204867780208588, 0.41694561019539833, 0.4461504817008972], [0.061272621154785156, 0.8710674569010735, 0.9323400855064392], [0.07870848476886749, 1.185243209702013, 1.2639517784118652], [0.1121891438961029, 2.462261825799942, 2.574450969696045], [0.055924080312252045, 1.5813999166974013, 1.6373239755630493]]
wcfid of epoch 19 is 1.1635831858103092
--------------------------------------
values at epoch: 20
[[0.06317080557346344, 1.1724561899900436, 1.2356269359588623], [0.05628673732280731, 1.2114058285951614, 1.2676925659179688], [0.038154784590005875, 0.7683470845222473, 0.8065018653869629], [0.089017853140831, 1.3107024431228638, 1.399720311164856], [0.032318491488695145, 0.6146829351782799, 0.6470013856887817], [0.07317440211772919, 1.0482077151536942, 1.1213821172714233], [0.10693034529685974, 2.181855693459511, 2.288785934448242], [0.05818150192499161, 0.7154907882213593, 0.773672342300415], [0.02220745012164116, 0.31272728368639946, 0.33493471145629883], [0.07017659395933151, 1.9807310684945132, 2.050907611846924], [0.061779771000146866, 0.9531064480543137, 1.0148862600326538], [0.029451243579387665, 0.4662947356700897, 0.495745986700058], [0.06610125303268433, 0.9159836620092392, 0.9820849299430847], [0.03719381242990494, 0.9189781546592712, 0.956171989440918], [0.04982849955558777, 0.8663742616772652, 0.9162027835845947], [0.09763848036527634, 1.3742766454815865, 1.4719151258468628], [0.07423508167266846, 1.921309494880693, 1.9955445528030396], [0.059323523193597794, 1.0359567925333977, 1.0952802896499634], [0.07969068735837936, 1.6722319722175598, 1.751922607421875], [0.05447348207235336, 0.9495688825845718, 1.004042387008667], [0.04361773282289505, 0.6386680006980896, 0.682285726070404], [0.027960002422332764, 0.4560979753732681, 0.4840579628944397], [0.04530962184071541, 0.9289860054850578, 0.9742956161499023], [0.07461609691381454, 1.2956305711033196, 1.3702466487884521], [0.09163512289524078, 2.2611013278365135, 2.352736473083496], [0.043357666581869125, 1.486147264636344, 1.5295048952102661]]
wcfid of epoch 20 is 1.1924288467719004
--------------------------------------
values at epoch: 21
[[0.055714432150125504, 1.0327625647187233, 1.0884770154953003], [0.07106425613164902, 1.3280443400144577, 1.3991085290908813], [0.05466483160853386, 0.9209217503666878, 0.9755865931510925], [0.08975133299827576, 1.266596369445324, 1.356347680091858], [0.03509249538183212, 0.6429279958069363, 0.6780204772949219], [0.08951827138662338, 1.1821206659078598, 1.2716389894485474], [0.10945199429988861, 2.0437429398298264, 2.1531949043273926], [0.045955684036016464, 0.6982031986117363, 0.7441588640213013], [0.025960678234696388, 0.34089595451951027, 0.3668566346168518], [0.06269438564777374, 1.8778076935626742, 1.9405021667480469], [0.0548272430896759, 0.84845831990242, 0.9032855033874512], [0.03474157303571701, 0.47435057908296585, 0.5090921521186829], [0.05253547802567482, 0.945282481610775, 0.9978179335594177], [0.03660597279667854, 0.8554919958114624, 0.8920979499816895], [0.058729805052280426, 0.9114859992111362, 0.9702157974243164], [0.06544771790504456, 1.2413454353809357, 1.3067930936813354], [0.0647086501121521, 2.0166645254552598, 2.0813732147216797], [0.06414845585823059, 0.9149918854236603, 0.9791402816772461], [0.07939077168703079, 1.6012806296348572, 1.6806714534759521], [0.05375886708498001, 0.8308916613459587, 0.8846505284309387], [0.055623479187488556, 0.7975481897592545, 0.8531716465950012], [0.033469054847955704, 0.4340960942208767, 0.4675651490688324], [0.04980675131082535, 0.8939295560121536, 0.9437363147735596], [0.07548441737890244, 1.1872045149514114, 1.2626888751983643], [0.0920301154255867, 1.8998511359095573, 1.991881251335144], [0.05510752275586128, 1.6223871986840863, 1.6774946451187134]]
wcfid of epoch 21 is 1.168291063262866
--------------------------------------
values at epoch: 22
[[0.055705443024635315, 1.1156493946909904, 1.1713547706604004], [0.0647323802113533, 1.3696943670511246, 1.4344267845153809], [0.045334603637456894, 0.7789297997951508, 0.824264407157898], [0.086025170981884, 1.4602150171995163, 1.5462400913238525], [0.03363591060042381, 0.6419899761676788, 0.6756258606910706], [0.06583543121814728, 1.1146562546491623, 1.1804916858673096], [0.10712431371212006, 2.2271503433585167, 2.3342747688293457], [0.04999300464987755, 0.7255123779177666, 0.7755053639411926], [0.023531708866357803, 0.35407413728535175, 0.3776058554649353], [0.06755275279283524, 1.91898080911924, 1.9865336418151855], [0.060545653104782104, 0.9104465916752815, 0.9709922075271606], [0.027401739731431007, 0.41822488978505135, 0.4456266462802887], [0.057213444262742996, 0.9187638014554977, 0.9759772419929504], [0.040116678923368454, 0.930743470788002, 0.9708601236343384], [0.059246379882097244, 1.0239399820566177, 1.083186388015747], [0.08435969054698944, 1.2834794074296951, 1.3678390979766846], [0.0878380611538887, 2.474282663843007, 2.5621209144592285], [0.07008480280637741, 1.100813828408718, 1.170898675918579], [0.11245618015527725, 2.156644754111767, 2.2691009044647217], [0.04896153509616852, 0.744025431573391, 0.7929869294166565], [0.041549429297447205, 0.7232833132147789, 0.7648327350616455], [0.03157214820384979, 0.49211274832487106, 0.5236849188804626], [0.04739665612578392, 0.9216994345188141, 0.9690960645675659], [0.06490179896354675, 1.1256260162549094, 1.1905277967453003], [0.1093895211815834, 2.4133529514074326, 2.522742509841919], [0.05943172052502632, 1.620863838035666, 1.680295467376709]]
wcfid of epoch 22 is 1.2525804558625588
--------------------------------------
values at epoch: 23
[[0.06371614336967468, 1.256999932229519, 1.320716142654419], [0.08771498501300812, 1.4198099672794342, 1.5075249671936035], [0.050497375428676605, 0.8618404380977154, 0.9123377799987793], [0.08351447433233261, 1.3037854209542274, 1.38729989528656], [0.025904715061187744, 0.5674926266074181, 0.593397319316864], [0.0858672484755516, 1.1195096522569656, 1.2053769826889038], [0.10103509575128555, 2.1361971348524094, 2.237232208251953], [0.052914757281541824, 0.6854367554187775, 0.7383514642715454], [0.026201818138360977, 0.34063708037137985, 0.36683890223503113], [0.07058198750019073, 1.8792264470957327, 1.9498084783554077], [0.06886012852191925, 0.8981929048895836, 0.9670529961585999], [0.03864678367972374, 0.4541398324072361, 0.49278661608695984], [0.04862183332443237, 0.807083785533905, 0.8557056188583374], [0.0444207526743412, 0.8147635087370872, 0.8591842651367188], [0.0722697377204895, 0.9921558573842049, 1.0644255876541138], [0.10225311666727066, 1.2920367941260338, 1.3942898511886597], [0.08644980192184448, 2.2042947461675046, 2.2907445430755615], [0.08195257931947708, 1.0093305930495262, 1.0912832021713257], [0.08960966020822525, 1.6362702921032906, 1.7258799076080322], [0.04881743714213371, 0.7506017610430717, 0.7994192242622375], [0.062255822122097015, 0.7713330462574959, 0.8335888385772705], [0.03444575518369675, 0.47591087222099304, 0.510356605052948], [0.05167882516980171, 0.8958796709775925, 0.9475585222244263], [0.06276712566614151, 1.1109899237159002, 1.1737570762634277], [0.0980355367064476, 1.9989574030041695, 2.0969929695129395], [0.05962296202778816, 1.5503547151088173, 1.6099777221679688]]
wcfid of epoch 23 is 1.1896879879327922
--------------------------------------
values at epoch: 24
[[0.06383810937404633, 1.0786232948303223, 1.1424614191055298], [0.07767545431852341, 1.3623584434390068, 1.4400339126586914], [0.04202796891331673, 0.7884414121508598, 0.8304693698883057], [0.05964736267924309, 1.1104730889201164, 1.170120358467102], [0.029724735766649246, 0.5320095233619213, 0.5617342591285706], [0.08384624123573303, 1.1831006407737732, 1.2669469118118286], [0.1118273064494133, 2.109126254916191, 2.2209537029266357], [0.05349733307957649, 0.7067262530326843, 0.7602235674858093], [0.024453548714518547, 0.3911284450441599, 0.41558200120925903], [0.06592866033315659, 1.8506213535425435, 1.9165500402450562], [0.056319501250982285, 0.8814290538430214, 0.9377485513687134], [0.03476576879620552, 0.47055939957499504, 0.5053251385688782], [0.06452160328626633, 0.8909205719828606, 0.9554421901702881], [0.03813215345144272, 0.8621874451637268, 0.9003195762634277], [0.05291182920336723, 0.9116580635309219, 0.9645698666572571], [0.057291604578495026, 1.2083076387643814, 1.265599250793457], [0.07372298836708069, 2.35112179453602, 2.424844980239868], [0.06373527646064758, 1.0382957309484482, 1.1020309925079346], [0.06237966939806938, 1.506194069981575, 1.5685738325119019], [0.057546623051166534, 0.9592821151018143, 1.0168287754058838], [0.0384877473115921, 0.690404124557972, 0.7288918495178223], [0.03430375084280968, 0.4417215958237648, 0.4760253429412842], [0.04116661474108696, 0.9938791245222092, 1.0350457429885864], [0.065141461789608, 1.2063131335187123, 1.2714545726776123], [0.09293897449970245, 1.9468119442462921, 2.039750814437866], [0.05470065027475357, 1.5536298795609618, 1.608330488204956]]
wcfid of epoch 24 is 1.1740714426224048
--------------------------------------
values at epoch: 25
[[0.056188542395830154, 1.2375126332044601, 1.293701171875], [0.06813810765743256, 1.311641477048397, 1.379779577255249], [0.03961452841758728, 0.7452961578965187, 0.7849106788635254], [0.07973680645227432, 1.3854353502392769, 1.4651721715927124], [0.02988649159669876, 0.6198956461126782, 0.649782121181488], [0.08322485536336899, 1.0161937177181244, 1.0994186401367188], [0.11537748575210571, 2.264746032655239, 2.3801233768463135], [0.03808201849460602, 0.6550794988870621, 0.6931614875793457], [0.03203119710087776, 0.40454351529479027, 0.4365747272968292], [0.07004740089178085, 2.0435188143824887, 2.1135661602020264], [0.059334252029657364, 0.9825701713562012, 1.0419044494628906], [0.031006798148155212, 0.45364317297935486, 0.4846499562263489], [0.049241479486227036, 0.8533797934651375, 0.9026212692260742], [0.03383570536971092, 0.8362606391310692, 0.8700963258743286], [0.060841575264930725, 1.1371338963508606, 1.1979753971099854], [0.07273855805397034, 1.5099162980914116, 1.5826548337936401], [0.08407857269048691, 2.1522476621740316, 2.236326217651367], [0.06214482709765434, 1.047957643866539, 1.1101025342941284], [0.0914808139204979, 1.9164345934987068, 2.007915496826172], [0.03593313321471214, 0.6989403963088989, 0.7348735332489014], [0.04293794929981232, 0.7200503721833229, 0.7629883289337158], [0.03332498297095299, 0.4326193407177925, 0.4659443199634552], [0.06456800550222397, 0.9725779518485069, 1.037145972251892], [0.07144912332296371, 1.1317274820191838, 1.2031766176223755], [0.15033207833766937, 2.5813776329159737, 2.7317097187042236], [0.05020489543676376, 1.5424033490845432, 1.5926082134246826]]
wcfid of epoch 25 is 1.2407262806708996
--------------------------------------
values at epoch: 26
[[0.07020793855190277, 1.281052403151989, 1.3512603044509888], [0.0700400173664093, 1.2955664247274399, 1.365606427192688], [0.04012669250369072, 0.7336289808154106, 0.773755669593811], [0.07802989333868027, 1.1847394183278084, 1.262769341468811], [0.034607671201229095, 0.6847714632749557, 0.7193791270256042], [0.08484934270381927, 1.2182597890496254, 1.3031091690063477], [0.09868373721837997, 2.099337875843048, 2.198021650314331], [0.03706992417573929, 0.6031002625823021, 0.640170156955719], [0.022702038288116455, 0.3664206713438034, 0.38912272453308105], [0.07072703540325165, 1.9009029210206865, 1.9716298580169678], [0.053490396589040756, 0.8821840584278107, 0.9356744289398193], [0.028710437938570976, 0.47113991156220436, 0.499850332736969], [0.054149527102708817, 0.823461651802063, 0.8776111602783203], [0.042887844145298004, 0.9237961918115616, 0.9666840434074402], [0.04693461209535599, 0.9036978219372735, 0.9506324529647827], [0.06516951322555542, 1.3537300750613213, 1.4188995361328125], [0.07746167480945587, 2.1834779711740535, 2.260939598083496], [0.06642916798591614, 1.0120721906423569, 1.0785013437271118], [0.09868506342172623, 1.8429650515317917, 1.9416500329971313], [0.0402388721704483, 0.6828571148216724, 0.7230959534645081], [0.04612070322036743, 0.6541043072938919, 0.7002249956130981], [0.030853724107146263, 0.49952297657728195, 0.5303767323493958], [0.041519492864608765, 0.8469959422945976, 0.8885154724121094], [0.07036686688661575, 1.1336057866123566, 1.2039726972579956], [0.12242373824119568, 2.6262541711330414, 2.7486777305603027], [0.05510658770799637, 1.485972753655714, 1.5410794019699097]]
wcfid of epoch 26 is 1.201585013132829
--------------------------------------
values at epoch: 27
[[0.05914997309446335, 1.2175834476947784, 1.2767333984375], [0.07525283843278885, 1.402430273592472, 1.477683186531067], [0.03647845610976219, 0.786648228764534, 0.8231266736984253], [0.07917359471321106, 1.2339279130101204, 1.3131015300750732], [0.026611458510160446, 0.663626853376627, 0.6902382969856262], [0.05781138315796852, 1.0749596804380417, 1.1327710151672363], [0.10262537747621536, 1.805650532245636, 1.908275842666626], [0.044335126876831055, 0.7608254179358482, 0.8051605224609375], [0.021263089030981064, 0.3415462113916874, 0.36280930042266846], [0.07302471250295639, 1.8896043033412142, 1.9626290798187256], [0.049859777092933655, 0.9303910359740257, 0.9802507758140564], [0.03155705705285072, 0.47921714931726456, 0.5107741951942444], [0.05099352076649666, 0.8203218653798103, 0.8713153600692749], [0.042326245456933975, 0.912698931992054, 0.9550251960754395], [0.05552734062075615, 0.877270795404911, 0.9327981472015381], [0.08184825628995895, 1.2719136476516724, 1.353761911392212], [0.0786055326461792, 2.125120132896567, 2.203725814819336], [0.05964183062314987, 0.951170414686203, 1.0108122825622559], [0.08926719427108765, 1.4961271211504936, 1.5853943824768066], [0.049517299979925156, 1.0307338163256645, 1.0802510976791382], [0.0453631617128849, 0.5948103219270706, 0.6401734948158264], [0.03581633046269417, 0.47359277307987213, 0.5094090700149536], [0.040241993963718414, 0.9023820161819458, 0.942624032497406], [0.07102774828672409, 1.1138263457427242, 1.1848541498184204], [0.08515799790620804, 1.799197643995285, 1.8843556642532349], [0.0443287193775177, 1.692918078595683, 1.7372467517852783]]
wcfid of epoch 27 is 1.159050045105127
--------------------------------------
values at epoch: 28
[[0.060213882476091385, 1.0743176490068436, 1.1345316171646118], [0.06757578998804092, 1.3493312671780586, 1.4169070720672607], [0.045768965035676956, 0.7940380200743675, 0.8398069739341736], [0.08241569250822067, 1.292933538556099, 1.3753492832183838], [0.0317174531519413, 0.6282253563404083, 0.6599428057670593], [0.08707307279109955, 1.1735715344548225, 1.2606446743011475], [0.11740017682313919, 2.1869053840637207, 2.3043055534362793], [0.03472421318292618, 0.6911294385790825, 0.725853681564331], [0.031684450805187225, 0.40787219256162643, 0.43955665826797485], [0.06794919818639755, 1.7071263317249448, 1.7750755548477173], [0.0521739162504673, 0.8669614791870117, 0.9191353917121887], [0.03161747753620148, 0.4853427819907665, 0.5169602632522583], [0.061516162008047104, 0.9286441802978516, 0.990160346031189], [0.04068482294678688, 0.9912809878587723, 1.0319658517837524], [0.051125600934028625, 0.881274625658989, 0.9324002265930176], [0.0695740282535553, 1.4322766661643982, 1.5018507242202759], [0.07959038764238358, 2.157409700801593, 2.236999988555908], [0.07078787684440613, 1.165863759815693, 1.2366516590118408], [0.07871735841035843, 1.5321177393198013, 1.610835075378418], [0.045386165380477905, 0.7118830420076847, 0.7572692632675171], [0.046249404549598694, 0.7061533331871033, 0.7524027228355408], [0.0322100855410099, 0.48669930547475815, 0.5189093947410583], [0.0447828508913517, 0.9364559948444366, 0.981238842010498], [0.0866602286696434, 1.3390033956131095, 1.425663709640503], [0.14346054196357727, 2.5662542432546616, 2.709714651107788], [0.05358888953924179, 1.5957836930803644, 1.6493725776672363]]
wcfid of epoch 28 is 1.2193655600914588
--------------------------------------
values at epoch: 29
[[0.058800552040338516, 1.115938238799572, 1.1747387647628784], [0.08442363888025284, 1.420209415256977, 1.5046330690383911], [0.0427982322871685, 0.7951592653989792, 0.837957501411438], [0.0774180218577385, 1.192067138850689, 1.2694851160049438], [0.034613870084285736, 0.5381438843905926, 0.5727577209472656], [0.08162549138069153, 0.9991889148950577, 1.0808143615722656], [0.14246611297130585, 2.1953890547156334, 2.337855100631714], [0.05091402307152748, 0.8199162259697914, 0.8708302974700928], [0.026526613160967827, 0.3850916028022766, 0.4116182029247284], [0.07778608053922653, 1.9307798349255338, 2.008565902709961], [0.06070157513022423, 0.9370374977588654, 0.9977390170097351], [0.02664344757795334, 0.3884449265897274, 0.41508838534355164], [0.08018068969249725, 0.9130254313349724, 0.9932061433792114], [0.051116544753313065, 0.9624291956424713, 1.0135457515716553], [0.05533001571893692, 0.9712144430874454, 1.026544451713562], [0.07520370930433273, 1.3558928444981575, 1.4310965538024902], [0.09292910248041153, 2.077292782035582, 2.1702218055725098], [0.06340453028678894, 1.0007588639855385, 1.0641634464263916], [0.0913233608007431, 1.7400278896093369, 1.8313512802124023], [0.041157305240631104, 0.6775394678115845, 0.7186967730522156], [0.05180102959275246, 0.8434158712625504, 0.8952168822288513], [0.03189966455101967, 0.4443003609776497, 0.47620001435279846], [0.04575803130865097, 0.875051811337471, 0.920809805393219], [0.07797640562057495, 1.2317320996037504, 1.309708595275879], [0.12350758165121078, 2.3434052020311356, 2.4669127464294434], [0.057258039712905884, 1.5763656955647474, 1.633623719215393]]
wcfid of epoch 29 is 1.2089762080174227
--------------------------------------
values at epoch: 30
[[0.05647018179297447, 1.0690884590148926, 1.125558614730835], [0.09225884079933167, 1.2902206182479858, 1.3824794292449951], [0.04342261329293251, 0.785350926220417, 0.828773558139801], [0.08864126354455948, 1.299190916121006, 1.3878321647644043], [0.02639162167906761, 0.5751510187983513, 0.6015426516532898], [0.08003202825784683, 1.022562637925148, 1.1025946140289307], [0.115599125623703, 2.003413863480091, 2.1190130710601807], [0.04799699783325195, 0.7483407706022263, 0.7963377833366394], [0.02519840933382511, 0.3872394524514675, 0.4124378561973572], [0.07362395524978638, 1.8377531424392475, 1.911377191543579], [0.0663367211818695, 1.0201436653733253, 1.0864803791046143], [0.03376534581184387, 0.47002482786774635, 0.5037901401519775], [0.06250083446502686, 0.8364131972193718, 0.8989140391349792], [0.04056071117520332, 0.9658852517604828, 1.0064460039138794], [0.066628597676754, 1.1063476651906967, 1.1729762554168701], [0.09554412215948105, 1.3942224010825157, 1.4897664785385132], [0.08443992584943771, 2.387313678038364, 2.4717535972595215], [0.06423545628786087, 1.1158697083592415, 1.180105209350586], [0.07904186844825745, 1.4966216385364532, 1.575663447380066], [0.05258955433964729, 0.6942861154675484, 0.7468756437301636], [0.04370470717549324, 0.8065125495195389, 0.8502172231674194], [0.03577379882335663, 0.45141999423503876, 0.4871938228607178], [0.049148138612508774, 0.8972078338265419, 0.9463559985160828], [0.07610528916120529, 1.0881461695267807, 1.164251446723938], [0.10124996304512024, 1.9634415358304977, 2.0646915435791016], [0.05735015124082565, 1.6959575893680927, 1.7533077001571655]]
wcfid of epoch 30 is 1.1948744562956004
--------------------------------------
values at epoch: 31
[[0.06630939245223999, 1.1529581397771835, 1.2192676067352295], [0.08286512643098831, 1.356252282857895, 1.439117431640625], [0.054502103477716446, 0.8805043920874596, 0.9350064992904663], [0.07801155000925064, 1.0424236245453358, 1.120435118675232], [0.036436956375837326, 0.591640260245543, 0.6280772089958191], [0.07968612015247345, 1.0833305642008781, 1.163016676902771], [0.12209741026163101, 1.9190079644322395, 2.0411055088043213], [0.0572168193757534, 0.699289359152317, 0.7565062046051025], [0.02539556287229061, 0.3682750277221203, 0.39367058873176575], [0.0645250454545021, 1.8418694355320653, 1.9063944816589355], [0.062036026269197464, 0.9342976287007332, 0.996333658695221], [0.024365374818444252, 0.40034564584493637, 0.4247110188007355], [0.09459647536277771, 0.9913419410586357, 1.0859384536743164], [0.05235515162348747, 0.7690288871526718, 0.821384072303772], [0.06438640505075455, 1.0190833508968353, 1.0834697484970093], [0.07459592074155807, 1.3369528129696846, 1.4115487337112427], [0.09981425851583481, 2.2564250528745498, 2.3562393188476562], [0.06850829720497131, 0.9920665249228477, 1.0605747699737549], [0.09515219926834106, 1.5826168209314346, 1.6777689456939697], [0.05353217199444771, 0.8132031261920929, 0.8667352795600891], [0.05264545977115631, 0.9264756366610527, 0.9791210889816284], [0.040412209928035736, 0.4823360964655876, 0.5227482914924622], [0.049016304314136505, 0.8676672577857971, 0.916683554649353], [0.06202952191233635, 1.1129165724143117, 1.1749460697174072], [0.16073425114154816, 2.6922325119376183, 2.852966785430908], [0.05804413557052612, 1.6469478463550717, 1.7049920558929443]]
wcfid of epoch 31 is 1.2130291989216437
--------------------------------------
values at epoch: 32
[[0.0862613394856453, 1.29765634983778, 1.3839176893234253], [0.09681058675050735, 1.400274135172367, 1.4970847368240356], [0.062418196350336075, 0.825248658657074, 0.8876668810844421], [0.1002715528011322, 1.2466379925608635, 1.346909523010254], [0.032571274787187576, 0.5864601755658971, 0.6190314292907715], [0.10693014413118362, 1.1583723053336143, 1.2653024196624756], [0.1448693573474884, 1.8401990309357643, 1.9850683212280273], [0.04714929684996605, 0.6578038185834885, 0.704953134059906], [0.0322420671582222, 0.3923035617917776, 0.42454561591148376], [0.0861705094575882, 1.8957357548920541, 1.9819062948226929], [0.09266744554042816, 0.9772949665784836, 1.0699623823165894], [0.045282285660505295, 0.43148672580718994, 0.47676900029182434], [0.08974256366491318, 1.0091349929571152, 1.0988775491714478], [0.07074201852083206, 0.9500932842493057, 1.020835280418396], [0.04901818186044693, 0.9147377951667466, 0.9637560248374939], [0.10103844851255417, 1.5229284837841988, 1.623966932296753], [0.09900883585214615, 2.2989632678661662, 2.3979721069335938], [0.07415831089019775, 1.1394239142537117, 1.2135822772979736], [0.09170939773321152, 1.5752122327685356, 1.666921615600586], [0.0463554672896862, 0.7099064886569977, 0.756261944770813], [0.05318613350391388, 0.778630830347538, 0.8318169713020325], [0.03613818436861038, 0.46268752217292786, 0.49882569909095764], [0.05358128249645233, 0.9255120530724525, 0.9790933728218079], [0.08582689613103867, 1.1995067860702366, 1.2853336334228516], [0.15074631571769714, 2.22278905659914, 2.373535394668579], [0.0636792927980423, 1.5704591491119226, 1.6341384649276733]]
wcfid of epoch 32 is 1.2303090267456496
--------------------------------------
values at epoch: 33
[[0.06566816568374634, 1.0488309487700462, 1.1144990921020508], [0.07052350044250488, 1.1980456113815308, 1.2685691118240356], [0.04386462643742561, 0.7203091233968735, 0.7641737461090088], [0.11721847951412201, 1.5326505899429321, 1.6498690843582153], [0.03809008747339249, 0.5962004065513611, 0.6342905163764954], [0.09101518988609314, 1.0603968277573586, 1.151412010192871], [0.17802292108535767, 2.3116188421845436, 2.4896416664123535], [0.04658454284071922, 0.6848189458251, 0.7314034700393677], [0.021551404148340225, 0.30278011166070035, 0.32433152198791504], [0.07181906700134277, 1.8452872396806297, 1.9171062707901], [0.058745261281728745, 0.9271181970834732, 0.985863447189331], [0.03228483349084854, 0.4201440028846264, 0.45242881774902344], [0.073209248483181, 0.8973614647984505, 0.9705706834793091], [0.049740105867385864, 0.9682530164718628, 1.0179930925369263], [0.07433061301708221, 1.0911623984575272, 1.1654930114746094], [0.09620284289121628, 1.3552665263414383, 1.4514694213867188], [0.10002344846725464, 2.227368655586382, 2.327392101287842], [0.06173195317387581, 0.9688646011054516, 1.0305966138839722], [0.0990796759724617, 1.5562072694301605, 1.6552870273590088], [0.05604296550154686, 0.9140575677156448, 0.9701005220413208], [0.04782766103744507, 0.7630452662706375, 0.8108729124069214], [0.03312075138092041, 0.462758831679821, 0.495879590511322], [0.04511052370071411, 0.7660205215215683, 0.8111310601234436], [0.09158622473478317, 1.2190332641705166, 1.3106194734573364], [0.13219265639781952, 2.128740668296814, 2.2609333992004395], [0.049511320888996124, 1.5221015564064502, 1.57161283493042]]
wcfid of epoch 33 is 1.2051361730465522
--------------------------------------
values at epoch: 34
[[0.07146753370761871, 1.0929905772209167, 1.164458155632019], [0.10589241981506348, 1.3304948881268501, 1.436387300491333], [0.042127300053834915, 0.6961021944880486, 0.738229513168335], [0.13904306292533875, 1.4733165763318539, 1.612359642982483], [0.03548051044344902, 0.5896583050489426, 0.6251388192176819], [0.11179974675178528, 1.1384450942277908, 1.2502448558807373], [0.19822245836257935, 2.802225738763809, 3.000448226928711], [0.07110938429832458, 0.6884389668703079, 0.7595483064651489], [0.018950361758470535, 0.3209805302321911, 0.3399308919906616], [0.12290564924478531, 1.988257977432637, 2.11116361618042], [0.10641014575958252, 1.0688491761684418, 1.1752593517303467], [0.03850774094462395, 0.4528557360172272, 0.4913634657859802], [0.08944790810346603, 1.0077664330601692, 1.0972143411636353], [0.057190585881471634, 0.8799911662936211, 0.9371817708015442], [0.08632642030715942, 1.0173627212643623, 1.103689193725586], [0.1503777951002121, 1.6977907866239548, 1.8481684923171997], [0.12095964699983597, 2.0864594667611924, 2.2074191570281982], [0.08777773380279541, 1.002101507037878, 1.0898792743682861], [0.10979737341403961, 1.704975936561823, 1.8147733211517334], [0.07217270880937576, 0.987709354609251, 1.0598820447921753], [0.04334431141614914, 0.7607665918767452, 0.8041108846664429], [0.034704506397247314, 0.39486395195126534, 0.42956846952438354], [0.08689369261264801, 0.9719414487481117, 1.0588351488113403], [0.09119343012571335, 1.084223841352993, 1.1754173040390015], [0.19479051232337952, 2.5443165376782417, 2.739107131958008], [0.07038529217243195, 1.5690503332337058, 1.6394356489181519]]
wcfid of epoch 34 is 1.2965082434507518
--------------------------------------
values at epoch: 35
[[0.07651052623987198, 1.057741455733776, 1.1342519521713257], [0.09423160552978516, 1.377053827047348, 1.4712854623794556], [0.05114816501736641, 0.8257894515991211, 0.8769376277923584], [0.13119317591190338, 1.4850279688835144, 1.6162211894989014], [0.04117128252983093, 0.6724582388997078, 0.7136294841766357], [0.1164303794503212, 1.128262683749199, 1.2446930408477783], [0.1841055005788803, 2.6825757324695587, 2.8666810989379883], [0.0663423240184784, 0.6812717840075493, 0.7476141452789307], [0.026469778269529343, 0.3180009573698044, 0.344470739364624], [0.10547942668199539, 1.912882017949792, 2.0183613300323486], [0.09805411100387573, 0.9731463454663754, 1.0712003707885742], [0.04476502165198326, 0.450468797236681, 0.49523383378982544], [0.08784817159175873, 0.9813059717416763, 1.069154143333435], [0.060711298137903214, 0.9605167433619499, 1.0212280750274658], [0.07499128580093384, 1.0801286548376083, 1.1551198959350586], [0.1342216432094574, 1.392504058778286, 1.5267257690429688], [0.11666981875896454, 2.057541187691154, 2.174211025238037], [0.10819592326879501, 1.1359476149082184, 1.2441434860229492], [0.09130226820707321, 1.5134749040007591, 1.604777216911316], [0.056978464126586914, 0.7279831618070602, 0.7849616408348083], [0.04316096752882004, 0.8604656830430031, 0.9036266803741455], [0.04389391839504242, 0.4677180051803589, 0.5116119384765625], [0.051440536975860596, 0.813158743083477, 0.8645992875099182], [0.09919282048940659, 1.2515373650801713, 1.3507301807403564], [0.17776478826999664, 2.6431517899036407, 2.8209166526794434], [0.06624625623226166, 1.5341152426777351, 1.6003614664077759]]
wcfid of epoch 35 is 1.2781826051381917
--------------------------------------
 at epoc 11 wcfid is minimum 